0,0.0343977
0.002,0.0343974
0.003,0.0343997
0.004,0.0344047
0.005,0.0344125
0.006,0.0344229
0.006,0.0344358
0.016,0.034451
0.017,0.034468
0.017,0.0344858
0.018,0.0345041
0.02,0.0345224
0.021,0.0345403
0.025,0.0345574
0.026,0.0345723
0.032,0.0345852
0.033,0.0345955
0.034,0.0346031
0.035,0.034608
0.036,0.0346102
0.037,0.0346097
0.037,0.0346062
0.038,0.0345998
0.049,0.0345906
0.05,0.0345783
0.051,0.034563
0.054,0.0345448
0.055,0.0345244
0.056,0.0345017
0.057,0.0344767
0.058,0.0344496
0.066,0.0344209
0.067,0.0343906
0.068,0.0343587
0.069,0.0343252
0.07,0.0342901
0.07,0.0342536
0.071,0.0342162
0.072,0.0341781
0.083,0.0341392
0.084,0.0341001
0.085,0.0340606
0.086,0.0340208
0.087,0.0339808
0.088,0.0339407
0.089,0.0339003
0.09,0.0338599
0.1,0.0338195
0.101,0.033779
0.102,0.0337386
0.103,0.0336983
0.104,0.0336581
0.112,0.033618
0.113,0.0335779
0.114,0.0335378
0.116,0.0334977
0.117,0.0334579
0.118,0.0334186
0.119,0.0333798
0.12,0.0333417
0.121,0.0333039
0.122,0.0332665
0.123,0.0332293
0.133,0.0331923
0.134,0.0331552
0.138,0.033118
0.141,0.0330805
0.142,0.0330427
0.143,0.0330044
0.144,0.0329657
0.145,0.0329266
0.151,0.032887
0.152,0.0328469
0.153,0.0328064
0.155,0.0327654
0.157,0.0327239
0.158,0.0326819
0.164,0.0326396
0.168,0.0325968
0.169,0.0325538
0.17,0.0325107
0.171,0.0324675
0.172,0.0324242
0.173,0.0323809
0.174,0.0323376
0.175,0.0322945
0.176,0.0322517
0.185,0.0322093
0.193,0.0321673
0.195,0.0321259
0.197,0.0320853
0.2,0.0320457
0.202,0.0320073
0.203,0.0319705
0.203,0.0319352
0.204,0.0319018
0.205,0.0318705
0.206,0.0318414
0.207,0.0318149
0.208,0.0317906
0.209,0.0317687
0.21,0.0317494
0.211,0.0317325
0.219,0.0317181
0.223,0.0317062
0.224,0.031697
0.226,0.0316903
0.227,0.0316862
0.228,0.0316846
0.229,0.0316851
0.23,0.0316874
0.236,0.03169
0.237,0.0316948
0.238,0.0317003
0.239,0.0317075
0.24,0.0317162
0.243,0.0317262
0.246,0.0317373
0.247,0.0317493
0.252,0.0317621
0.253,0.0317755
0.254,0.0317894
0.255,0.0318035
0.256,0.0318177
0.257,0.0318319
0.257,0.0318461
0.258,0.0318602
0.269,0.0318741
0.27,0.0318883
0.271,0.0319028
0.274,0.0319174
0.275,0.0319323
0.276,0.0319475
0.277,0.0319635
0.278,0.0319803
0.286,0.0319976
0.288,0.0320157
0.289,0.0320344
0.29,0.0320537
0.291,0.0320736
0.292,0.0320941
0.293,0.0321153
0.294,0.0321372
0.302,0.0321597
0.304,0.032183
0.304,0.0322069
0.305,0.0322316
0.306,0.0322572
0.307,0.0322836
0.308,0.032311
0.31,0.0323393
0.325,0.0323687
0.329,0.0323992
0.33,0.0324309
0.331,0.0324637
0.332,0.0324976
0.336,0.0325327
0.337,0.0325688
0.338,0.032606
0.339,0.0326446
0.34,0.0326846
0.341,0.0327263
0.342,0.0327693
0.348,0.0328137
0.349,0.0328593
0.35,0.032906
0.352,0.0329536
0.353,0.0330022
0.354,0.0330515
0.358,0.0331015
0.359,0.0331518
0.36,0.0332022
0.361,0.0332528
0.362,0.0333036
0.363,0.0333545
0.373,0.0334055
0.374,0.0334566
0.375,0.0335079
0.376,0.0335594
0.377,0.033611
0.379,0.0336629
0.38,0.033715
0.384,0.0337674
0.39,0.03382
0.391,0.0338729
0.392,0.0339262
0.393,0.0339799
0.394,0.0340342
0.395,0.0340891
0.397,0.0341447
0.398,0.0342011
0.409,0.0342586
0.41,0.0343171
0.411,0.034377
0.412,0.0344382
0.416,0.0345011
0.418,0.0345654
0.419,0.0346313
0.42,0.0346986
0.426,0.0347675
0.427,0.0348382
0.428,0.0349109
0.43,0.0349854
0.431,0.0350619
0.432,0.0351408
0.433,0.0352223
0.434,0.0353067
0.443,0.0353943
0.446,0.0354854
0.447,0.0355806
0.448,0.0356788
0.449,0.0357798
0.45,0.0358835
0.451,0.0359878
0.452,0.0360919
0.459,0.0361959
0.461,0.0362992
0.462,0.0364
0.463,0.0364982
0.464,0.036595
0.465,0.03669
0.477,0.036783
0.479,0.036874
0.48,0.0369626
0.481,0.0370487
0.482,0.0371322
0.483,0.037213
0.484,0.0372908
0.485,0.0373657
0.486,0.0374376
0.487,0.0375063
0.494,0.0375718
0.495,0.0376342
0.496,0.0376932
0.5,0.0377492
0.501,0.0378027
0.502,0.0378537
0.503,0.0379022
0.504,0.0379483
0.513,0.0379918
0.514,0.0380329
0.515,0.0380715
0.517,0.0381078
0.518,0.0381416
0.519,0.0381736
0.52,0.0382043
0.522,0.0382339
0.534,0.0382625
0.536,0.0382908
0.537,0.0383187
0.544,0.0383463
0.546,0.0383735
0.548,0.0384004
0.55,0.0384271
0.552,0.0384537
0.554,0.03848
0.556,0.0385063
0.559,0.0385325
0.561,0.0385586
0.564,0.0385851
0.568,0.0386124
0.57,0.0386405
0.572,0.0386692
0.573,0.0386984
0.575,0.0387283
0.577,0.0387586
0.579,0.0387895
0.581,0.0388208
0.584,0.0388525
0.585,0.0388846
0.588,0.0389169
0.589,0.0389494
0.591,0.038982
0.595,0.0390147
0.597,0.0390473
0.599,0.0390797
0.6,0.0391119
0.602,0.0391439
0.604,0.0391757
0.606,0.0392071
0.608,0.0392382
0.61,0.039269
0.611,0.0392995
0.614,0.0393296
0.615,0.0393595
0.616,0.039389
0.621,0.0394183
0.624,0.0394473
0.625,0.0394763
0.627,0.0395051
0.629,0.039534
0.631,0.0395629
0.633,0.0395919
0.635,0.0396213
0.636,0.0396511
0.64,0.0396814
0.642,0.0397123
0.644,0.0397437
0.645,0.0397756
0.649,0.0398085
0.651,0.0398426
0.652,0.0398779
0.654,0.0399142
0.657,0.0399517
0.658,0.0399907
0.66,0.0400312
0.662,0.0400735
0.664,0.040118
0.666,0.040165
0.668,0.0402147
0.669,0.0402673
0.674,0.0403233
0.686,0.0403829
0.687,0.0404464
0.688,0.040513
0.689,0.0405819
0.691,0.0406533
0.697,0.0407261
0.698,0.0407981
0.7,0.040869
0.701,0.0409387
0.703,0.041006
0.704,0.0410723
0.706,0.0411371
0.708,0.0412003
0.713,0.0412617
0.716,0.0413209
0.718,0.0413779
0.72,0.0414324
0.722,0.0414843
0.725,0.0415334
0.726,0.0415797
0.728,0.041623
0.73,0.0416632
0.733,0.0417003
0.735,0.0417341
0.737,0.0417647
0.739,0.041792
0.743,0.0418161
0.745,0.0418377
0.747,0.0418566
0.75,0.0418733
0.752,0.0418879
0.754,0.0419005
0.756,0.0419111
0.758,0.0419195
0.759,0.0419259
0.761,0.0419301
0.763,0.0419323
0.765,0.0419324
0.768,0.0419309
0.773,0.041928
0.775,0.0419242
0.776,0.0419195
0.786,0.0419139
0.787,0.0419074
0.788,0.0419001
0.789,0.0418921
0.79,0.0418833
0.791,0.0418738
0.793,0.0418636
0.794,0.0418529
0.795,0.0418415
0.798,0.0418296
0.802,0.0418177
0.806,0.0418061
0.807,0.0417946
0.809,0.0417833
0.81,0.041772
0.812,0.0417607
0.814,0.0417494
0.816,0.041738
0.817,0.0417264
0.819,0.0417146
0.82,0.0417025
0.823,0.04169
0.823,0.041677
0.827,0.0416635
0.828,0.0416494
0.829,0.0416345
0.83,0.0416189
0.831,0.0416025
0.832,0.0415853
0.839,0.0415672
0.84,0.0415483
0.841,0.0415284
0.842,0.0415077
0.843,0.0414861
0.844,0.0414636
0.845,0.0414402
0.848,0.0414161
0.856,0.0413914
0.857,0.0413662
0.858,0.0413405
0.859,0.0413144
0.86,0.0412879
0.861,0.0412612
0.862,0.0412343
0.863,0.0412074
0.873,0.0411806
0.874,0.0411539
0.874,0.0411276
0.875,0.0411017
0.878,0.0410762
0.879,0.0410507
0.88,0.0410255
0.881,0.0410008
0.889,0.0409767
0.89,0.0409534
0.891,0.0409312
0.892,0.0409104
0.893,0.0408911
0.894,0.0408738
0.895,0.0408587
0.896,0.040846
0.906,0.040836
0.91,0.0408289
0.911,0.0408252
0.912,0.0408243
0.913,0.0408261
0.913,0.0408307
0.914,0.0408372
0.915,0.0408445
0.923,0.0408513
0.924,0.0408577
0.925,0.040863
0.926,0.0408686
0.927,0.0408745
0.928,0.0408803
0.931,0.0408858
0.932,0.0408909
0.94,0.0408954
0.941,0.0408992
0.942,0.040902
0.943,0.0409038
0.944,0.0409044
0.944,0.0409037
0.945,0.0409016
0.946,0.040898
0.956,0.0408929
0.958,0.0408863
0.959,0.0408781
0.962,0.0408683
0.963,0.0408574
0.964,0.0408453
0.968,0.040832
0.969,0.040818
0.973,0.0408035
0.974,0.0407888
0.975,0.0407742
0.976,0.0407597
0.977,0.0407452
0.978,0.0407309
0.979,0.0407166
0.979,0.0407026
0.99,0.0406887
0.991,0.0406753
0.992,0.0406623
0.993,0.0406499
0.994,0.040638
0.995,0.0406268
0.996,0.0406162
0.997,0.0406065
1.007,0.0405975
1.01,0.0405895
1.014,0.0405824
1.017,0.0405762
1.019,0.040571
1.033,0.0405669
1.035,0.040564
1.037,0.0405627
1.038,0.040563
1.039,0.0405647
1.041,0.0405678
1.042,0.0405722
1.044,0.0405778
1.045,0.0405846
1.046,0.0405923
1.047,0.040601
1.05,0.0406106
1.051,0.0406208
1.054,0.0406317
1.055,0.0406427
1.057,0.0406539
1.061,0.0406652
1.062,0.0406765
1.064,0.0406877
1.066,0.040699
1.067,0.0407102
1.068,0.0407213
1.068,0.0407323
1.069,0.0407432
1.07,0.040754
1.07,0.0407648
1.073,0.0407756
1.083,0.0407862
1.084,0.0407968
1.085,0.0408074
1.085,0.0408181
1.086,0.040829
1.087,0.0408401
1.088,0.0408516
1.089,0.0408636
1.1,0.0408762
1.101,0.0408895
1.101,0.0409038
1.102,0.0409191
1.106,0.0409356
1.107,0.0409534
1.108,0.0409724
1.109,0.0409922
1.117,0.0410131
1.118,0.0410351
1.119,0.0410584
1.12,0.0410833
1.121,0.0411102
1.122,0.0411392
1.124,0.0411708
1.125,0.0412052
1.133,0.0412426
1.136,0.0412833
1.137,0.0413277
1.138,0.0413752
1.504,0.0414251
1.505,0.0414776
1.506,0.0415307
1.507,0.0415837
1.508,0.0416368
1.509,0.0416894
1.51,0.0417397
1.513,0.0417877
1.514,0.0418347
1.515,0.0418804
1.518,0.0419246
1.52,0.0419672
1.521,0.0420079
1.522,0.0420467
1.524,0.0420834
1.525,0.0421179
1.527,0.04215
1.528,0.0421797
1.529,0.0422068
1.531,0.0422312
1.538,0.042253
1.539,0.0422721
1.54,0.0422884
1.543,0.0423021
1.544,0.0423138
1.545,0.0423233
1.545,0.0423308
1.546,0.0423361
1.554,0.0423394
1.556,0.0423405
1.558,0.0423401
1.559,0.0423385
1.56,0.042336
1.561,0.0423328
1.562,0.0423287
1.563,0.0423235
1.571,0.0423178
1.572,0.0423118
1.575,0.0423057
1.576,0.0422994
1.578,0.0422929
1.579,0.0422864
1.58,0.0422799
1.582,0.0422734
1.588,0.0422669
1.589,0.0422606
1.59,0.0422544
1.595,0.0422484
1.596,0.0422426
1.6,0.0422371
1.601,0.0422325
1.602,0.0422288
1.605,0.0422258
2.042,0.0422236
2.043,0.0422221
2.044,0.0422212
2.046,0.0422209
2.047,0.042221
2.048,0.0422215
2.049,0.0422224
2.051,0.0422234
2.052,0.0422246
2.056,0.0422257
2.058,0.0422267
2.059,0.0422274
2.06,0.0422277
2.062,0.0422277
2.063,0.0422272
2.064,0.0422263
2.065,0.042225
2.067,0.0422232
2.068,0.0422209
2.069,0.0422182
2.07,0.042215
2.071,0.0422114
2.075,0.0422074
2.076,0.0422031
2.078,0.0421986
2.079,0.0421939
2.08,0.0421892
2.082,0.0421844
2.083,0.0421797
2.084,0.0421752
2.085,0.0421711
2.096,0.0421673
2.099,0.0421641
2.101,0.0421617
2.103,0.0421601
2.112,0.0421596
2.115,0.0421605
2.118,0.0421628
2.12,0.0421668
2.122,0.0421719
2.129,0.0421783
2.131,0.0421862
2.389,0.0421957
2.39,0.0422071
2.391,0.0422208
2.392,0.0422369
2.394,0.0422558
2.395,0.0422777
2.399,0.0423029
2.401,0.0423317
2.402,0.0423635
2.403,0.0423976
2.404,0.0424341
2.405,0.0424723
2.407,0.0425102
2.408,0.0425472
2.409,0.0425835
2.41,0.042618
2.411,0.042652
2.412,0.0426852
2.413,0.0427175
2.417,0.0427485
2.419,0.0427781
2.422,0.0428062
2.424,0.0428325
2.427,0.0428569
2.429,0.0428792
2.431,0.0428994
2.432,0.0429173
2.433,0.0429328
2.434,0.0429459
2.439,0.0429564
2.44,0.0429644
2.441,0.0429698
2.445,0.0429727
2.446,0.0429736
2.447,0.0429725
2.448,0.0429694
2.449,0.0429647
2.455,0.0429585
2.457,0.042951
2.458,0.042942
2.46,0.0429317
2.899,0.0429206
2.904,0.0429088
2.908,0.0428961
2.912,0.0428827
2.927,0.0428685
2.934,0.042854
2.937,0.0428391
2.94,0.042824
2.941,0.0428085
2.943,0.0427929
2.946,0.0427771
2.949,0.0427612
2.95,0.0427452
2.951,0.0427292
2.952,0.0427132
2.953,0.0426972
2.954,0.0426814
2.958,0.0426657
2.959,0.0426508
2.96,0.0426367
2.963,0.0426232
2.964,0.0426104
2.966,0.0425981
2.967,0.0425863
2.968,0.042575
2.968,0.042564
2.969,0.0425532
2.97,0.0425426
2.98,0.0425321
2.981,0.0425217
2.984,0.042511
2.985,0.0425001
2.985,0.0424887
2.986,0.0424768
2.987,0.0424645
3.078,0.0424515
3.08,0.0424381
3.081,0.042424
3.082,0.0424093
3.082,0.0423941
3.083,0.0423782
3.084,0.0423617
3.085,0.0423447
3.088,0.0423271
3.095,0.0423092
3.096,0.0422909
3.097,0.0422724
3.098,0.0422537
3.099,0.0422348
3.1,0.0422159
3.101,0.042197
3.102,0.0421783
3.112,0.0421599
3.113,0.042142
3.115,0.0421246
3.116,0.0421079
3.119,0.0420922
3.12,0.0420777
3.121,0.0420644
3.122,0.0420516
3.129,0.0420398
3.133,0.0420288
3.136,0.0420191
3.141,0.0420108
3.144,0.0420043
3.148,0.0419999
3.151,0.0419977
3.154,0.0419981
3.157,0.0420014
3.167,0.0420078
3.17,0.0420175
3.173,0.04203
3.177,0.0420452
3.18,0.042063
3.183,0.0420827
3.186,0.0421023
3.189,0.0421213
3.195,0.0421399
3.198,0.0421572
3.2,0.0421745
3.202,0.0421915
3.203,0.0422079
3.208,0.0422236
3.21,0.0422384
3.211,0.0422522
3.212,0.0422647
3.214,0.0422758
3.215,0.0422854
3.216,0.0422934
3.218,0.0422996
3.219,0.0423039
3.22,0.0423063
3.221,0.0423067
3.222,0.0423051
3.224,0.0423014
3.227,0.0422958
3.228,0.0422886
3.229,0.0422799
3.23,0.0422696
3.231,0.042258
3.237,0.0422454
3.238,0.042232
3.238,0.0422183
3.239,0.0422042
3.241,0.0421899
3.244,0.0421753
3.245,0.0421605
3.245,0.0421453
3.253,0.0421301
3.254,0.0421149
3.255,0.0420999
3.256,0.0420851
3.258,0.0420706
3.26,0.0420563
3.262,0.0420424
3.263,0.0420289
3.27,0.0420159
3.271,0.0420034
3.272,0.0419915
3.273,0.0419801
3.276,0.0419694
3.28,0.0419594
3.281,0.0419505
3.282,0.0419429
3.287,0.0419365
3.288,0.0419311
3.288,0.0419269
3.289,0.0419236
3.29,0.0419212
3.291,0.0419196
3.293,0.0419187
3.295,0.0419184
3.304,0.0419187
3.304,0.0419194
3.307,0.0419204
3.308,0.0419213
3.308,0.0419222
3.31,0.0419229
3.311,0.0419235
3.312,0.0419238
3.32,0.0419238
3.321,0.0419236
3.322,0.0419231
3.323,0.0419223
3.324,0.0419212
3.325,0.0419198
3.326,0.0419181
3.329,0.0419163
3.337,0.0419142
3.338,0.0419119
3.339,0.0419096
3.34,0.0419073
3.341,0.041905
3.343,0.0419029
3.344,0.041901
3.345,0.0418995
3.354,0.0418985
3.355,0.0418982
3.356,0.0418986
3.356,0.0419
3.359,0.0419025
3.36,0.0419063
3.361,0.0419116
3.362,0.041918
3.371,0.0419255
3.372,0.0419339
3.373,0.0419437
3.374,0.0419551
3.375,0.0419683
3.376,0.0419838
3.377,0.0420016
3.379,0.0420223
3.388,0.0420458
3.39,0.0420727
3.391,0.0421032
3.392,0.0421367
3.393,0.0421725
3.395,0.042211
3.396,0.0422508
3.397,0.0422904
3.405,0.0423301
3.406,0.0423691
3.406,0.0424062
3.407,0.0424428
3.408,0.0424786
3.41,0.0425134
3.413,0.0425469
3.414,0.042579
3.421,0.0426095
3.422,0.0426381
3.423,0.0426649
3.424,0.0426896
3.425,0.042712
3.429,0.0427322
3.43,0.0427499
3.431,0.0427652
3.438,0.042778
3.439,0.0427881
3.44,0.0427957
3.444,0.0428008
3.445,0.0428039
3.447,0.042805
3.448,0.0428041
3.449,0.0428012
3.455,0.0427965
3.456,0.0427904
3.457,0.0427829
3.458,0.0427745
3.459,0.0427654
3.46,0.0427556
3.461,0.0427451
3.461,0.0427338
3.472,0.042722
3.473,0.04271
3.474,0.0426977
3.478,0.0426853
3.479,0.0426727
3.48,0.0426601
3.481,0.0426474
3.482,0.0426347
3.488,0.0426222
3.489,0.0426097
3.491,0.0425974
3.491,0.0425852
3.492,0.0425733
3.496,0.0425617
3.498,0.042551
3.499,0.0425412
3.505,0.0425322
3.509,0.0425239
3.512,0.0425163
3.516,0.0425093
3.52,0.0425028
3.525,0.0424969
3.528,0.0424912
3.532,0.0424859
3.535,0.0424808
3.54,0.0424758
3.551,0.0424708
3.553,0.0424655
3.558,0.0424599
3.561,0.0424539
3.565,0.0424475
3.568,0.0424407
3.571,0.0424334
3.574,0.0424256
3.576,0.0424173
3.578,0.0424085
3.581,0.0423992
3.582,0.0423894
3.584,0.0423791
3.587,0.0423685
3.588,0.0423575
3.59,0.0423462
3.591,0.0423348
3.592,0.0423232
3.593,0.0423116
3.594,0.0423001
3.596,0.0422886
3.597,0.0422775
3.604,0.0422667
3.605,0.0422565
3.606,0.042247
3.608,0.0422383
3.611,0.0422306
3.612,0.0422242
3.613,0.0422192
3.614,0.0422155
3.621,0.0422127
3.624,0.0422108
3.631,0.0422102
3.634,0.0422112
3.637,0.0422141
3.639,0.042219
3.642,0.0422265
3.644,0.0422366
3.645,0.0422496
3.651,0.0422659
3.652,0.0422858
3.654,0.0423086
3.655,0.0423338
3.657,0.0423615
3.658,0.042391
3.659,0.0424202
3.66,0.0424487
3.661,0.0424766
3.664,0.0425029
3.665,0.042529
3.668,0.0425545
3.668,0.0425792
3.671,0.0426029
3.672,0.0426254
3.673,0.0426466
3.677,0.0426662
3.678,0.0426841
3.679,0.0427002
3.68,0.0427143
3.681,0.0427264
3.682,0.0427364
3.683,0.042744
3.69,0.0427495
3.691,0.0427525
3.692,0.0427532
3.696,0.0427546
3.697,0.0427659
3.698,0.0427864
3.698,0.0428151
3.699,0.0428515
3.707,0.0428947
3.708,0.0429442
3.709,0.0429993
3.71,0.0430594
3.711,0.0431241
3.713,0.0431928
3.714,0.0432652
3.716,0.0433409
3.724,0.0434196
3.725,0.0435012
3.726,0.0435856
3.727,0.0436724
3.728,0.0437616
3.732,0.043853
3.733,0.0439465
3.734,0.0440419
3.741,0.0441393
3.742,0.0442386
3.743,0.0443396
3.744,0.0444425
3.745,0.044547
3.748,0.0446531
3.75,0.0447605
3.751,0.0448691
3.757,0.0449791
3.758,0.0450906
3.759,0.0452039
3.76,0.045319
3.761,0.0454358
3.762,0.0455544
3.762,0.0456746
3.763,0.0457965
3.774,0.0459201
3.775,0.0460453
3.779,0.0461727
3.78,0.0463024
3.781,0.0464337
3.782,0.0465671
3.783,0.0467023
3.785,0.0468387
3.793,0.0469764
3.794,0.0471153
3.795,0.0472554
3.796,0.0473963
3.797,0.0475385
3.798,0.0476817
3.799,0.0478259
3.802,0.0479711
3.81,0.0481171
3.811,0.0482633
3.812,0.0484105
3.813,0.0485582
3.814,0.0487068
3.814,0.0488561
3.815,0.0490067
3.816,0.0491586
3.827,0.0493117
3.828,0.0494663
3.828,0.0496225
3.829,0.0497804
3.832,0.0499403
3.833,0.0501086
3.834,0.0502839
3.835,0.0504584
3.844,0.0506338
3.845,0.0508097
3.846,0.0509863
3.847,0.0511637
3.848,0.0513427
3.848,0.0515227
3.849,0.0517039
3.85,0.0518867
3.86,0.052071
3.863,0.0522583
3.864,0.0524479
3.865,0.0526387
3.866,0.0528279
3.867,0.0530166
3.868,0.0532063
3.869,0.0533977
3.877,0.0535908
3.878,0.0537855
3.879,0.0539814
3.88,0.0541874
3.881,0.0543929
3.882,0.0545957
3.884,0.0547948
3.886,0.0549987
3.894,0.0552091
3.895,0.0554181
3.896,0.0556258
3.897,0.0558319
3.898,0.0560365
3.899,0.0562394
3.899,0.0564408
3.9,0.0566393
3.911,0.0568377
3.913,0.0570348
3.914,0.0572303
3.917,0.0574246
3.918,0.057618
3.919,0.0578106
3.92,0.0580023
3.921,0.0581934
3.928,0.0583838
3.929,0.0585737
3.93,0.0587631
3.931,0.0589522
3.932,0.0591411
3.933,0.0593298
3.934,0.0595187
3.935,0.059707
3.944,0.0598971
3.945,0.0600881
3.946,0.0602802
3.948,0.0604734
3.949,0.0606677
3.949,0.0608629
3.951,0.0610588
3.952,0.0612552
3.961,0.0614523
3.962,0.0616498
3.963,0.0618477
3.965,0.0620458
3.966,0.0622441
3.969,0.0624426
3.97,0.0626412
3.971,0.0628409
3.978,0.0630421
3.979,0.0632455
3.98,0.0634509
3.982,0.0636586
3.983,0.0638685
3.983,0.064081
3.984,0.0642962
3.985,0.0645137
3.995,0.0647347
3.999,0.0649586
4.008,0.065186
4.01,0.0654174
4.013,0.0656528
4.016,0.0658922
4.018,0.0661358
4.019,0.0663834
4.021,0.0666343
4.023,0.0668898
4.024,0.0671493
4.026,0.0674128
4.027,0.0676802
4.029,0.0679514
4.03,0.0682265
4.035,0.0685043
4.036,0.0687855
4.037,0.0690696
4.039,0.0693565
4.04,0.0696463
4.041,0.0699377
4.042,0.0702331
4.043,0.0705306
4.045,0.0708318
4.047,0.071136
4.048,0.0714435
4.049,0.0717543
4.051,0.0720685
4.054,0.0723862
4.055,0.0727067
4.056,0.0730293
4.058,0.0733564
4.063,0.0736873
4.065,0.0740226
4.066,0.0743791
4.067,0.0747525
4.067,0.0751314
4.068,0.0755141
4.069,0.0759002
4.07,0.0762904
4.08,0.0766848
4.084,0.0770838
4.084,0.0774884
4.085,0.0778945
4.086,0.0782949
4.088,0.0786923
4.089,0.07909
4.089,0.0794894
4.097,0.0798912
4.098,0.0802953
4.099,0.0807013
4.1,0.0811085
4.1,0.0815165
4.101,0.0819337
4.104,0.0823578
4.105,0.0827735
4.114,0.0831883
4.115,0.0836023
4.116,0.0840091
4.117,0.0844085
4.118,0.0848005
4.118,0.0851852
4.119,0.0855626
4.12,0.0859328
4.131,0.0862961
4.132,0.0866524
4.132,0.087002
4.135,0.0873453
4.136,0.0876818
4.137,0.0880152
4.138,0.0883444
4.138,0.0886695
4.147,0.0889906
4.148,0.0893077
4.149,0.0896212
4.15,0.0899311
4.151,0.0902377
4.151,0.0905412
4.152,0.0908397
4.153,0.0911372
4.164,0.0914323
4.165,0.0917262
4.166,0.0920188
4.167,0.0923103
4.168,0.0926004
4.169,0.0928892
4.17,0.0931764
4.171,0.0934606
4.181,0.0937442
4.182,0.0940267
4.183,0.094308
4.184,0.0945877
4.185,0.0948657
4.188,0.0951423
4.189,0.0954192
4.19,0.0956964
4.198,0.0959753
4.199,0.0962557
4.2,0.0965384
4.201,0.0968231
4.201,0.0971101
4.202,0.0973987
4.203,0.0976902
4.203,0.0979843
4.214,0.0982812
4.215,0.0985803
4.218,0.0988832
4.219,0.0991906
4.22,0.0995025
4.221,0.0998183
4.222,0.100139
4.223,0.100464
4.231,0.100792
4.232,0.101126
4.234,0.101463
4.234,0.101805
4.235,0.102149
4.236,0.102498
4.237,0.10285
4.24,0.103205
4.248,0.103564
4.249,0.103926
4.25,0.104292
4.251,0.10466
4.252,0.105031
4.253,0.105406
4.254,0.105784
4.255,0.106165
4.265,0.106548
4.269,0.106936
4.274,0.107328
4.279,0.107712
4.29,0.108096
4.292,0.108478
4.295,0.108858
4.297,0.109239
4.298,0.10962
4.3,0.109999
4.302,0.110373
4.304,0.110747
4.305,0.11112
4.307,0.111503
4.308,0.11189
4.309,0.112278
4.311,0.11267
4.315,0.113065
4.316,0.113466
4.317,0.11387
4.319,0.114284
4.32,0.114708
4.321,0.115138
4.322,0.115572
4.324,0.116006
4.325,0.116439
4.326,0.116869
4.327,0.117296
4.328,0.117718
4.329,0.118136
4.332,0.118549
4.333,0.118954
4.34,0.119372
4.342,0.119782
4.344,0.120186
4.345,0.120583
4.346,0.120975
4.347,0.121361
4.348,0.12174
4.348,0.122113
4.357,0.122482
4.358,0.122845
4.359,0.123202
4.363,0.123555
4.364,0.123903
4.365,0.124247
4.366,0.124587
4.366,0.124923
4.374,0.125256
4.375,0.125584
4.376,0.125909
4.377,0.126231
4.378,0.126549
4.379,0.126863
4.38,0.127175
4.382,0.127483
4.39,0.127789
4.391,0.128093
4.393,0.128395
4.394,0.128695
4.395,0.128994
4.396,0.12929
4.397,0.129585
4.397,0.129878
4.407,0.130169
4.408,0.130457
4.409,0.130743
4.411,0.131028
4.411,0.13131
4.415,0.13159
4.416,0.131871
4.417,0.132153
4.424,0.132436
4.425,0.132722
4.426,0.133009
4.427,0.133299
4.427,0.133591
4.428,0.133886
4.429,0.134185
4.43,0.134488
4.441,0.134794
4.442,0.135104
4.445,0.135417
4.446,0.135736
4.447,0.136059
4.448,0.136388
4.449,0.136721
4.45,0.137059
4.457,0.137401
4.458,0.137747
4.459,0.138096
4.46,0.138448
4.461,0.138804
4.462,0.139162
4.463,0.139524
4.466,0.139889
4.474,0.140256
4.476,0.140625
4.477,0.140997
4.479,0.141371
4.479,0.141748
4.48,0.142127
4.481,0.142508
4.482,0.142893
4.491,0.143278
4.492,0.143665
4.493,0.144052
4.494,0.144439
4.497,0.144827
4.498,0.145213
4.499,0.145601
4.5,0.145988
4.507,0.146375
4.509,0.146763
4.511,0.147151
4.512,0.14754
4.514,0.14793
4.515,0.148321
4.516,0.148712
4.516,0.149106
4.524,0.149501
4.528,0.149899
4.529,0.1503
4.53,0.150702
4.531,0.151102
4.532,0.151504
4.533,0.151907
4.534,0.152311
4.541,0.152714
4.543,0.153116
4.544,0.153518
4.545,0.153917
4.546,0.154315
4.547,0.15471
4.55,0.155111
4.55,0.155519
4.559,0.155925
4.56,0.156328
4.561,0.156729
4.563,0.157128
4.564,0.157525
4.566,0.15792
4.566,0.158313
4.567,0.158703
4.574,0.159092
4.575,0.159479
4.576,0.159864
4.58,0.160245
4.581,0.160627
4.582,0.161008
4.583,0.161388
4.584,0.161767
4.591,0.162145
4.592,0.162522
4.593,0.162899
4.594,0.163275
4.595,0.16365
4.596,0.164026
4.597,0.164401
4.598,0.164776
4.608,0.165151
4.609,0.165527
4.611,0.165905
4.612,0.166285
4.612,0.166666
4.613,0.167048
4.615,0.167432
4.616,0.167817
4.625,0.168203
4.626,0.16859
4.627,0.168979
4.628,0.169369
4.629,0.169761
4.631,0.170155
4.632,0.170551
4.633,0.17095
4.641,0.171352
4.643,0.171757
4.644,0.172164
4.644,0.172575
4.645,0.172989
4.646,0.173406
4.647,0.173827
4.648,0.174252
4.658,0.174681
4.659,0.175114
4.662,0.175551
4.663,0.175993
4.664,0.176438
4.665,0.176889
4.666,0.177344
4.667,0.177804
4.675,0.178268
4.677,0.178737
4.678,0.179209
4.678,0.179686
4.68,0.180166
4.68,0.18065
4.681,0.181138
4.684,0.18163
4.692,0.182123
4.693,0.182618
4.694,0.183117
4.695,0.183618
4.696,0.184122
4.697,0.184629
4.699,0.185138
4.703,0.185651
4.709,0.186167
4.709,0.186686
4.711,0.187208
4.711,0.187735
4.714,0.188264
4.715,0.188797
4.716,0.189333
4.716,0.189869
4.725,0.190404
4.726,0.19094
4.727,0.191477
4.728,0.192015
4.729,0.192554
4.73,0.193096
4.731,0.193639
4.732,0.194186
4.742,0.194736
4.745,0.19529
4.746,0.195849
4.747,0.19641
4.748,0.196965
4.748,0.197517
4.749,0.198069
4.75,0.198627
4.759,0.199183
4.76,0.199737
4.76,0.200287
4.761,0.200833
4.762,0.201376
4.763,0.201914
4.765,0.202446
4.766,0.202972
4.776,0.203491
4.776,0.204003
4.778,0.204528
4.779,0.205045
4.78,0.205555
4.781,0.206058
4.782,0.206552
4.783,0.20704
4.792,0.207521
4.793,0.207994
4.795,0.208461
4.798,0.208921
4.799,0.209376
4.8,0.209826
4.8,0.210271
4.802,0.210711
4.809,0.211147
4.81,0.211578
4.811,0.212004
4.812,0.212426
4.813,0.212843
4.814,0.213256
4.815,0.213666
4.816,0.21407
4.826,0.214472
4.827,0.214873
4.828,0.215271
4.829,0.215665
4.83,0.21606
4.831,0.216452
4.831,0.216842
4.832,0.21723
4.842,0.217616
4.844,0.218
4.845,0.218573
4.845,0.218954
4.846,0.219334
4.849,0.219714
4.85,0.220093
4.851,0.220473
4.859,0.220853
4.86,0.221235
4.861,0.221617
4.863,0.222
4.863,0.222384
4.865,0.222767
4.866,0.223152
4.867,0.223538
4.876,0.223924
4.877,0.224312
4.881,0.224701
4.882,0.225092
4.882,0.225486
4.883,0.225881
4.884,0.226278
4.885,0.226678
4.893,0.227079
4.895,0.227482
4.896,0.227887
4.897,0.228295
4.897,0.228704
4.898,0.229117
4.899,0.229531
4.902,0.229947
4.91,0.230366
4.911,0.230785
4.912,0.231207
4.913,0.231631
4.914,0.232058
4.915,0.232487
4.916,0.232919
4.917,0.233353
4.927,0.233788
4.928,0.234228
4.929,0.23467
4.93,0.235114
4.933,0.235562
4.934,0.236013
4.935,0.236466
4.936,0.236923
4.943,0.237381
4.945,0.237846
4.946,0.238312
4.946,0.238779
4.947,0.239248
4.948,0.239719
4.949,0.240192
4.949,0.240668
4.96,0.241148
4.963,0.241632
4.964,0.242122
4.965,0.242613
4.966,0.243098
4.967,0.243578
4.967,0.244057
4.968,0.244536
4.977,0.245024
4.978,0.245509
4.979,0.245992
4.98,0.24647
4.981,0.246945
4.982,0.247415
4.985,0.24788
4.986,0.248338
4.994,0.248789
4.995,0.249253
4.996,0.249711
4.997,0.250161
4.997,0.250604
4.999,0.25104
5,0.251469
5,0.251892
5.011,0.252307
5.012,0.252716
5.013,0.253118
5.015,0.253515
5.016,0.253905
5.017,0.254291
5.018,0.254671
5.019,0.255047
5.028,0.255417
5.029,0.255783
5.03,0.256143
5.031,0.256499
5.031,0.256851
5.033,0.257198
5.034,0.257541
5.035,0.257879
5.044,0.258214
5.046,0.258546
5.047,0.258877
5.048,0.259205
5.048,0.259529
5.049,0.259853
5.053,0.260174
5.054,0.260494
5.061,0.260812
5.062,0.261128
5.063,0.261442
5.064,0.261755
5.064,0.262065
5.067,0.262375
5.068,0.262684
5.069,0.262993
5.078,0.263302
5.079,0.263611
5.08,0.26392
5.081,0.264229
5.082,0.264539
5.083,0.264848
5.083,0.265157
5.084,0.265467
5.095,0.265775
5.097,0.266085
5.1,0.266395
5.1,0.266707
5.101,0.26702
5.102,0.267335
5.104,0.26765
5.104,0.267968
5.111,0.268286
5.112,0.268606
5.113,0.268928
5.114,0.26925
5.115,0.269573
5.116,0.269898
5.116,0.270223
5.119,0.27055
5.128,0.270878
5.129,0.271208
5.131,0.271539
5.131,0.271871
5.132,0.272205
5.133,0.272541
5.134,0.272878
5.135,0.273216
5.145,0.273557
5.146,0.2739
5.147,0.274246
5.148,0.274593
5.15,0.274942
5.151,0.275294
5.152,0.275647
5.152,0.276004
5.162,0.276364
5.163,0.27673
5.164,0.277099
5.165,0.277469
5.166,0.27784
5.166,0.278213
5.167,0.278587
5.168,0.278964
5.178,0.279343
5.182,0.279727
5.183,0.280116
5.184,0.280507
5.184,0.280892
5.185,0.281274
5.186,0.281655
5.187,0.282036
5.195,0.282424
5.196,0.282818
5.197,0.28321
5.198,0.2836
5.199,0.283987
5.199,0.28437
5.202,0.28475
5.203,0.285124
5.212,0.285517
5.213,0.285906
5.214,0.28629
5.215,0.28667
5.216,0.287046
5.216,0.287418
5.217,0.287785
5.218,0.288149
5.229,0.288508
5.23,0.288863
5.231,0.289214
5.234,0.289562
5.235,0.289906
5.236,0.290248
5.237,0.290587
5.238,0.290923
5.245,0.291256
5.246,0.291586
5.247,0.291914
5.248,0.29224
5.249,0.292562
5.25,0.292883
5.251,0.293202
5.251,0.293518
5.262,0.293834
5.263,0.294149
5.264,0.294464
5.265,0.294779
5.266,0.295094
5.267,0.295409
5.268,0.295724
5.268,0.296038
5.279,0.296353
5.442,0.296668
5.445,0.296982
5.448,0.297297
5.451,0.297612
5.46,0.297925
5.464,0.298242
5.466,0.298559
5.469,0.298878
5.472,0.299198
5.475,0.299519
5.478,0.299841
5.481,0.300165
5.484,0.30049
5.487,0.300816
5.49,0.301145
5.494,0.301474
5.496,0.301806
5.511,0.302139
5.514,0.302474
5.519,0.302813
5.522,0.303153
5.526,0.303496
5.529,0.303843
5.533,0.304192
5.536,0.304544
5.539,0.3049
5.545,0.305259
5.55,0.305621
5.556,0.305986
5.559,0.306353
5.566,0.306723
5.567,0.307095
5.57,0.307469
5.571,0.307844
5.574,0.308223
5.576,0.308604
5.577,0.308988
5.579,0.309374
5.58,0.309763
5.584,0.310155
5.585,0.310549
5.587,0.310947
5.589,0.311348
5.595,0.311752
5.597,0.312159
5.599,0.31257
5.6,0.312983
5.601,0.3134
5.602,0.313836
5.603,0.314275
5.604,0.314714
5.604,0.315157
5.605,0.315603
5.607,0.316053
5.609,0.316505
5.618,0.316962
5.62,0.317424
5.622,0.317893
5.622,0.318363
5.624,0.318826
5.624,0.319285
5.625,0.319743
5.627,0.320202
5.635,0.320662
5.636,0.321137
5.637,0.321612
5.638,0.322084
5.638,0.322553
5.639,0.323018
5.643,0.323479
5.644,0.323933
5.652,0.32438
5.653,0.324821
5.654,0.325269
5.654,0.325723
5.655,0.326169
5.656,0.32661
5.658,0.327045
5.66,0.327473
5.669,0.327895
5.67,0.328311
5.671,0.32872
5.674,0.329123
5.675,0.329522
5.676,0.329915
5.676,0.330304
5.677,0.330689
5.686,0.331068
5.686,0.331443
5.687,0.331814
5.688,0.332181
5.689,0.332541
5.69,0.3329
5.691,0.333254
5.692,0.333605
5.702,0.333953
5.703,0.334299
5.704,0.334644
5.705,0.334987
5.706,0.335329
5.707,0.33567
5.709,0.33601
5.711,0.336348
5.719,0.336685
5.72,0.337021
5.721,0.337356
5.723,0.33769
5.724,0.338023
5.726,0.338355
5.727,0.338687
5.729,0.339021
5.736,0.339355
5.737,0.339692
5.738,0.340031
5.739,0.340372
5.739,0.340714
5.74,0.341058
5.742,0.341404
5.743,0.341752
5.753,0.342101
5.754,0.342452
5.757,0.342805
5.758,0.343162
5.759,0.34352
5.76,0.343882
5.762,0.344247
5.763,0.344614
5.77,0.344985
5.771,0.345359
5.771,0.345736
5.772,0.346116
5.773,0.346498
5.774,0.346884
5.775,0.347274
5.779,0.347664
5.786,0.348059
5.787,0.348455
5.788,0.348854
5.789,0.349256
5.79,0.349661
5.791,0.350069
5.791,0.35048
5.792,0.350894
5.803,0.351311
5.804,0.351715
5.805,0.35212
5.806,0.352525
5.809,0.35293
5.81,0.353333
5.811,0.353736
5.812,0.354138
5.82,0.35454
5.821,0.354942
5.822,0.355343
5.823,0.355747
5.824,0.356153
5.825,0.35656
5.826,0.35697
5.827,0.357381
5.837,0.357797
5.84,0.358217
5.841,0.358642
5.842,0.359071
5.843,0.3595
5.844,0.359929
5.845,0.360358
5.846,0.360788
5.853,0.361218
5.854,0.361647
5.855,0.362074
5.856,0.362499
5.857,0.362922
5.859,0.363342
5.862,0.363757
5.863,0.364165
5.87,0.364568
5.871,0.364964
5.872,0.365353
5.873,0.365762
5.874,0.366163
5.874,0.366556
5.875,0.36694
5.877,0.367316
5.887,0.367683
5.888,0.368042
5.889,0.368393
5.892,0.368735
5.893,0.369071
5.894,0.3694
5.895,0.369722
5.896,0.370037
5.904,0.370346
5.905,0.370648
5.906,0.370944
5.907,0.371233
5.908,0.371517
5.909,0.371795
5.91,0.372068
5.911,0.372335
5.921,0.372597
5.922,0.372855
5.923,0.37311
5.924,0.373361
5.926,0.373609
5.927,0.373853
5.928,0.374093
5.929,0.37433
5.938,0.374564
5.939,0.374795
5.94,0.375022
5.941,0.375246
5.942,0.375467
5.945,0.375685
5.946,0.375902
5.947,0.376118
5.955,0.376334
5.959,0.37655
5.961,0.376766
5.964,0.376983
5.967,0.3772
5.97,0.377419
5.973,0.377638
5.976,0.377857
5.979,0.378078
5.982,0.378299
5.993,0.378521
5.996,0.378745
5.999,0.378971
6.002,0.379198
6.005,0.379427
6.008,0.379657
6.011,0.379888
6.014,0.380121
6.016,0.380355
6.018,0.380591
6.02,0.380828
6.022,0.381066
6.024,0.381306
6.03,0.381548
6.031,0.381791
6.033,0.382034
6.034,0.382281
6.035,0.382529
6.037,0.382779
6.038,0.38303
6.039,0.383283
6.04,0.383538
6.047,0.383795
6.048,0.384046
6.049,0.384296
6.05,0.384546
6.053,0.384795
6.054,0.385042
6.055,0.38529
6.057,0.385539
6.063,0.385786
6.064,0.386036
6.065,0.386287
6.067,0.386539
6.068,0.386793
6.069,0.38705
6.072,0.387309
6.072,0.38757
6.08,0.387835
6.083,0.388103
6.084,0.388376
6.085,0.388651
6.085,0.388928
6.086,0.389205
6.087,0.389486
6.088,0.389769
6.097,0.390053
6.098,0.390339
6.098,0.390625
6.099,0.390911
6.1,0.391198
6.1,0.391484
6.103,0.391768
6.104,0.392085
6.114,0.392402
6.114,0.392718
6.115,0.393034
6.116,0.393348
6.117,0.393662
6.118,0.393975
6.119,0.394287
6.12,0.394598
6.13,0.394906
6.131,0.395216
6.132,0.395525
6.135,0.395834
6.136,0.396143
6.136,0.396453
6.137,0.396762
6.138,0.397072
6.147,0.397382
6.148,0.397693
6.149,0.398004
6.15,0.398315
6.15,0.398626
6.151,0.398939
6.152,0.399252
6.153,0.399565
6.164,0.399879
6.165,0.400195
6.166,0.400512
6.167,0.40083
6.167,0.40115
6.168,0.401471
6.169,0.401793
6.17,0.402116
6.181,0.40244
6.182,0.402766
6.182,0.403093
6.183,0.40342
6.184,0.403749
6.187,0.404079
6.188,0.404412
6.189,0.404747
6.197,0.405085
6.199,0.405425
6.2,0.405767
6.201,0.406111
6.202,0.406458
6.204,0.406807
6.205,0.407158
6.206,0.407512
6.214,0.407869
6.215,0.408228
6.218,0.40859
6.219,0.408954
6.22,0.409322
6.22,0.409693
6.221,0.410066
6.222,0.410441
6.231,0.410819
6.232,0.411199
6.233,0.411581
6.234,0.411966
6.235,0.412353
6.236,0.412743
6.237,0.413135
6.24,0.413529
6.247,0.413924
6.248,0.414322
6.249,0.414721
6.251,0.415123
6.252,0.415527
6.253,0.415932
6.254,0.41634
6.255,0.416751
6.264,0.417164
6.265,0.41758
6.266,0.417999
6.267,0.41842
6.27,0.418845
6.271,0.419272
6.271,0.419702
6.272,0.420133
6.281,0.420564
6.282,0.420993
6.284,0.421426
6.285,0.421861
6.286,0.422298
6.287,0.422739
6.288,0.423182
6.288,0.423629
6.298,0.424081
6.301,0.424537
6.302,0.425
6.303,0.425465
6.303,0.425925
6.304,0.426383
6.305,0.426847
6.306,0.427316
6.315,0.427784
6.316,0.428252
6.317,0.428719
6.318,0.429183
6.319,0.429645
6.32,0.430104
6.323,0.430559
6.324,0.431008
6.332,0.431452
6.333,0.43189
6.334,0.432322
6.334,0.432749
6.335,0.433214
6.337,0.433675
6.338,0.434131
6.339,0.434582
6.349,0.435028
6.35,0.435468
6.35,0.435905
6.353,0.436336
6.354,0.436764
6.355,0.437189
6.356,0.43761
6.359,0.438028
6.365,0.438442
6.366,0.438853
6.367,0.439262
6.368,0.439667
6.369,0.440069
6.37,0.440468
6.371,0.440865
6.372,0.441259
6.382,0.441651
6.383,0.442043
6.384,0.442434
6.385,0.442824
6.386,0.443214
6.387,0.443603
6.388,0.443991
6.389,0.444378
6.399,0.444765
6.4,0.44515
6.401,0.445536
6.402,0.445921
6.403,0.446305
6.406,0.44669
6.406,0.447075
6.407,0.447462
6.416,0.44785
6.417,0.44824
6.418,0.44863
6.419,0.449022
6.42,0.449416
6.421,0.449811
6.421,0.450208
6.422,0.450607
6.433,0.451006
6.434,0.451408
6.436,0.45181
6.437,0.452213
6.438,0.45262
6.441,0.453028
6.442,0.453439
6.445,0.453851
6.449,0.454266
6.45,0.454684
6.451,0.455104
6.452,0.455527
6.453,0.455952
6.454,0.45638
6.455,0.456811
6.458,0.457245
6.466,0.45768
6.467,0.458118
6.469,0.45856
6.471,0.459004
6.472,0.45945
6.474,0.459898
6.474,0.46035
6.475,0.460806
6.483,0.461265
6.484,0.461727
6.485,0.462191
6.486,0.462661
6.488,0.463134
6.49,0.463611
6.493,0.46409
6.494,0.464572
6.5,0.465057
6.501,0.465543
6.502,0.466028
6.503,0.466515
6.504,0.467002
6.506,0.467492
6.507,0.467985
6.509,0.468481
6.516,0.468978
6.52,0.469481
6.521,0.469989
6.522,0.470499
6.523,0.471004
6.523,0.471508
6.524,0.472022
6.525,0.472536
6.533,0.473048
6.537,0.473558
6.54,0.474063
6.542,0.474564
6.545,0.475059
6.548,0.475547
6.559,0.476029
6.561,0.476502
6.563,0.476967
6.565,0.477424
6.566,0.477872
6.568,0.478312
6.569,0.478743
6.571,0.479164
6.573,0.479576
6.574,0.479979
6.575,0.480373
6.577,0.480756
6.578,0.48113
6.582,0.481495
6.584,0.481851
6.585,0.482197
6.586,0.482535
6.587,0.482864
6.593,0.483212
6.594,0.483552
6.595,0.483888
6.596,0.48422
6.597,0.484547
6.598,0.48487
6.599,0.485188
6.6,0.485503
6.609,0.485813
6.61,0.486122
6.611,0.486429
6.612,0.486734
6.613,0.487038
6.614,0.48734
6.615,0.48764
6.616,0.487938
6.625,0.488236
6.626,0.488532
6.627,0.488827
6.628,0.489122
6.629,0.489415
6.632,0.489708
6.634,0.490002
6.636,0.490296
6.642,0.490591
6.643,0.490887
6.644,0.491183
6.645,0.49148
6.646,0.491777
6.647,0.492074
6.648,0.492373
6.649,0.492672
6.659,0.492972
6.66,0.493273
6.663,0.493575
6.664,0.493879
6.665,0.494185
6.666,0.494492
6.667,0.4948
6.668,0.49511
6.676,0.495422
6.677,0.495735
6.678,0.496049
6.679,0.496365
6.68,0.496683
6.681,0.497002
6.682,0.497324
6.684,0.497647
6.692,0.497972
6.694,0.498299
6.695,0.498626
6.695,0.498955
6.696,0.499287
6.697,0.499621
6.698,0.499958
6.699,0.500297
6.709,0.500639
6.71,0.500983
6.711,0.50133
6.712,0.501679
6.715,0.50203
6.716,0.502384
6.716,0.502741
6.717,0.503101
6.726,0.503462
6.727,0.503822
6.728,0.504182
6.729,0.504544
6.73,0.504906
6.731,0.50527
6.733,0.505633
6.734,0.506
6.743,0.506369
6.746,0.50674
6.747,0.507116
6.748,0.507494
6.748,0.507867
6.75,0.508239
6.75,0.508611
6.751,0.508986
6.759,0.509376
6.76,0.509766
6.761,0.510155
6.762,0.51054
6.763,0.510922
6.764,0.511299
6.767,0.51168
6.768,0.512064
6.777,0.512443
6.78,0.512818
6.782,0.513189
6.785,0.513555
6.787,0.513916
6.793,0.514273
6.795,0.514625
6.797,0.514972
6.799,0.515315
6.8,0.515653
6.802,0.515987
6.806,0.516317
6.807,0.516645
6.809,0.51697
6.81,0.517292
6.812,0.517611
6.813,0.517928
6.814,0.518242
6.815,0.518553
6.817,0.518861
6.817,0.519167
6.819,0.519471
6.82,0.519772
6.821,0.520071
6.829,0.520368
6.83,0.520665
6.831,0.52096
6.834,0.521255
6.835,0.521549
6.836,0.521843
6.837,0.522135
6.839,0.522427
6.846,0.522718
6.847,0.523007
6.848,0.523296
6.849,0.523584
6.85,0.523871
6.852,0.524158
6.853,0.524445
6.854,0.524731
6.863,0.525018
6.864,0.525305
6.865,0.525592
6.866,0.525878
6.867,0.526166
6.868,0.526453
6.869,0.526741
6.87,0.527029
6.88,0.527318
6.881,0.527607
6.884,0.527897
6.885,0.528189
6.886,0.528481
6.887,0.528774
6.888,0.529067
6.889,0.529362
6.897,0.529658
6.898,0.529955
6.898,0.530252
6.899,0.53055
6.9,0.530849
6.901,0.531149
6.902,0.53145
6.904,0.53175
6.914,0.532053
6.915,0.532357
6.916,0.532662
6.916,0.532969
6.917,0.533278
6.918,0.533587
6.919,0.533899
6.92,0.534213
6.93,0.534529
6.932,0.534847
6.932,0.535167
6.933,0.53549
6.936,0.535815
6.937,0.536144
6.938,0.536475
6.939,0.536809
6.947,0.537147
6.948,0.537488
6.949,0.537831
6.95,0.538187
6.951,0.538545
6.952,0.538904
6.953,0.539265
6.954,0.53963
6.964,0.539997
6.967,0.540369
6.968,0.540745
6.969,0.541122
6.97,0.541493
6.97,0.541863
6.971,0.542233
6.972,0.542604
6.981,0.542977
6.982,0.543352
6.983,0.543743
6.984,0.544133
6.985,0.544522
6.986,0.544908
6.988,0.545315
6.99,0.54572
6.998,0.546124
6.998,0.546526
6.999,0.546927
7,0.547327
7.001,0.547725
7.002,0.548121
7.003,0.548516
7.003,0.548909
7.014,0.5493
7.015,0.549689
7.016,0.550076
7.019,0.550462
7.02,0.550847
7.021,0.55123
7.022,0.551612
7.022,0.551993
7.031,0.552372
7.032,0.552751
7.033,0.553129
7.034,0.553506
7.035,0.553884
7.035,0.55426
7.036,0.554637
7.037,0.555013
7.048,0.55539
7.049,0.555765
7.05,0.556143
7.05,0.556521
7.051,0.5569
7.052,0.55728
7.053,0.557661
7.054,0.558044
7.065,0.558427
7.066,0.558811
7.066,0.559196
7.067,0.559583
7.068,0.55997
7.071,0.560359
7.072,0.560751
7.073,0.561144
7.081,0.561539
7.082,0.561937
7.084,0.562336
7.085,0.562737
7.086,0.563141
7.087,0.563548
7.088,0.563957
7.089,0.564369
7.098,0.564784
7.099,0.565201
7.102,0.565621
7.103,0.566045
7.104,0.566473
7.105,0.566904
7.106,0.567337
7.109,0.567774
7.115,0.568215
7.116,0.568659
7.117,0.569107
7.118,0.569559
7.119,0.570014
7.12,0.570472
7.12,0.570932
7.123,0.571396
7.132,0.571862
7.133,0.57233
7.134,0.572799
7.135,0.573272
7.136,0.573748
7.136,0.574227
7.137,0.574709
7.138,0.575194
7.149,0.575682
7.15,0.576173
7.151,0.576668
7.152,0.577167
7.154,0.57767
7.155,0.578175
7.156,0.578683
7.157,0.579195
7.166,0.57971
7.167,0.58024
7.167,0.580779
7.168,0.581321
7.169,0.581865
7.171,0.582411
7.171,0.58296
7.172,0.583512
7.182,0.584067
7.185,0.584629
7.186,0.585198
7.187,0.585769
7.188,0.586333
7.188,0.586894
7.189,0.587455
7.19,0.588016
7.199,0.588579
7.2,0.589143
7.201,0.589716
7.201,0.590295
7.202,0.590871
7.203,0.591442
7.206,0.592007
7.207,0.592566
7.216,0.593116
7.217,0.59366
7.218,0.594196
7.218,0.594748
7.22,0.595293
7.221,0.595829
7.222,0.596357
7.223,0.596877
7.233,0.597388
7.234,0.597892
7.234,0.598388
7.238,0.598876
7.238,0.599359
7.239,0.599835
7.24,0.600305
7.241,0.600769
7.249,0.601228
7.25,0.601679
7.251,0.602126
7.252,0.602568
7.253,0.603005
7.254,0.603437
7.254,0.603863
7.255,0.604284
7.266,0.604701
7.267,0.605115
7.268,0.605526
7.269,0.605934
7.27,0.606339
7.271,0.606743
7.272,0.607144
7.273,0.607542
7.283,0.607939
7.284,0.608334
7.285,0.608726
7.286,0.609116
7.287,0.609505
7.29,0.609893
7.291,0.61028
7.292,0.610669
7.3,0.611059
7.301,0.61145
7.301,0.611842
7.302,0.612235
7.303,0.61263
7.304,0.613024
7.305,0.613421
7.305,0.613819
7.316,0.614217
7.317,0.614617
7.321,0.615019
7.322,0.615424
7.322,0.615831
7.323,0.616241
7.324,0.616653
7.325,0.617068
7.333,0.617486
7.334,0.617906
7.335,0.618329
7.336,0.618755
7.337,0.619184
7.338,0.619616
7.339,0.62005
7.343,0.620487
7.35,0.620926
7.351,0.621367
7.352,0.62181
7.353,0.622257
7.353,0.622703
7.354,0.623155
7.355,0.62361
7.356,0.624069
7.367,0.62453
7.368,0.624996
7.368,0.625457
7.369,0.625912
7.372,0.626367
7.373,0.626817
7.374,0.627269
7.375,0.627719
7.384,0.62817
7.385,0.628621
7.386,0.629071
7.387,0.629524
7.388,0.629978
7.388,0.630434
7.389,0.630892
7.39,0.631352
7.4,0.631814
7.403,0.632281
7.404,0.632755
7.405,0.633231
7.406,0.633707
7.407,0.634182
7.41,0.634657
7.411,0.635132
7.417,0.635605
7.418,0.636078
7.419,0.636548
7.42,0.637015
7.421,0.637479
7.422,0.63794
7.425,0.638396
7.426,0.638844
7.434,0.639287
7.435,0.639723
7.436,0.640163
7.437,0.640607
7.438,0.641041
7.439,0.641467
7.439,0.641883
7.44,0.64229
7.451,0.642688
7.452,0.643076
7.452,0.643456
7.455,0.643827
7.456,0.64419
7.457,0.644546
7.458,0.644894
7.459,0.645235
7.467,0.645569
7.468,0.645895
7.469,0.646214
7.47,0.646527
7.471,0.646834
7.472,0.647134
7.472,0.647429
7.473,0.647717
7.484,0.648
7.485,0.648279
7.486,0.648553
7.487,0.648824
7.488,0.649091
7.489,0.649353
7.49,0.649612
7.491,0.649867
7.501,0.650118
7.502,0.650365
7.503,0.650608
7.504,0.650848
7.505,0.651084
7.508,0.651316
7.509,0.651548
7.509,0.651779
7.518,0.652009
7.519,0.652238
7.52,0.652467
7.521,0.652696
7.522,0.652925
7.523,0.653154
7.524,0.653382
7.525,0.65361
7.535,0.653838
7.536,0.654066
7.539,0.654295
7.54,0.654525
7.541,0.654755
7.541,0.654987
7.542,0.655219
7.544,0.655452
7.552,0.655686
7.553,0.655921
7.554,0.656157
7.555,0.656393
7.556,0.65663
7.557,0.656868
7.558,0.657106
7.562,0.657344
7.568,0.657584
7.569,0.657824
7.57,0.658065
7.571,0.658307
7.572,0.65855
7.572,0.658793
7.573,0.659038
7.574,0.659284
7.585,0.659532
7.586,0.659781
7.587,0.66003
7.588,0.660278
7.591,0.660525
7.592,0.660772
7.593,0.661019
7.593,0.661266
7.602,0.661512
7.603,0.661759
7.604,0.662007
7.605,0.662257
7.606,0.662507
7.607,0.662758
7.608,0.663013
7.609,0.663269
7.619,0.663528
7.622,0.66379
7.623,0.664056
7.624,0.664325
7.624,0.664589
7.625,0.66486
7.626,0.665133
7.627,0.665409
7.635,0.665686
7.637,0.665964
7.639,0.666243
7.64,0.666522
7.641,0.666801
7.641,0.667079
7.645,0.667372
7.646,0.667681
7.652,0.667992
7.653,0.668302
7.654,0.668612
7.655,0.668923
7.656,0.669234
7.656,0.669544
7.657,0.669855
7.658,0.670166
7.669,0.670477
7.67,0.670788
7.671,0.6711
7.674,0.671413
7.675,0.671726
7.675,0.672041
7.676,0.672357
7.677,0.672675
7.686,0.672993
7.687,0.673313
7.688,0.673634
7.689,0.673956
7.69,0.67428
7.693,0.674606
7.695,0.674933
7.696,0.675261
7.703,0.675592
7.703,0.675925
7.705,0.676259
7.706,0.676596
7.706,0.676934
7.708,0.677276
7.709,0.67762
7.71,0.677966
7.719,0.678314
7.72,0.678664
7.721,0.679017
7.721,0.679373
7.722,0.679731
7.725,0.680092
7.726,0.680456
7.727,0.680824
7.736,0.681194
7.737,0.681567
7.738,0.681943
7.738,0.682322
7.74,0.682704
7.741,0.683089
7.742,0.683478
7.743,0.68387
7.753,0.684266
7.754,0.684665
7.757,0.685068
7.759,0.685474
7.76,0.685884
7.761,0.686298
7.762,0.686716
7.763,0.687138
7.77,0.687564
7.771,0.687994
7.772,0.688428
7.773,0.688866
7.774,0.689307
7.775,0.689753
7.776,0.690203
7.779,0.690655
7.786,0.691111
7.787,0.691569
7.788,0.69203
7.789,0.692494
7.79,0.69296
7.791,0.693429
7.791,0.693902
7.792,0.694378
7.803,0.694856
7.804,0.695339
7.805,0.695824
7.806,0.696313
7.809,0.696806
7.81,0.697302
7.811,0.6978
7.812,0.6983
7.82,0.698797
7.821,0.699295
7.822,0.699795
7.822,0.700294
7.823,0.700798
7.825,0.701305
7.826,0.701815
7.827,0.702328
7.837,0.702846
7.839,0.703369
7.84,0.703898
7.841,0.70443
7.843,0.704957
7.843,0.705485
7.845,0.706016
7.845,0.706545
7.853,0.707074
7.854,0.7076
7.856,0.708123
7.857,0.708643
7.858,0.70916
7.858,0.709672
7.862,0.710179
7.863,0.710679
7.87,0.711172
7.871,0.711659
7.872,0.712139
7.873,0.712613
7.874,0.713079
7.877,0.713538
7.878,0.71404
7.879,0.714535
7.887,0.715023
7.89,0.715504
7.893,0.715978
7.905,0.716445
7.907,0.716906
7.91,0.717361
7.912,0.717811
7.915,0.718255
7.916,0.718693
7.92,0.719127
7.922,0.719555
7.923,0.719977
7.925,0.720394
7.926,0.720807
7.928,0.721216
7.93,0.72162
7.934,0.72202
7.935,0.722419
7.936,0.722816
7.937,0.723211
7.938,0.723604
7.94,0.723995
7.941,0.724384
7.942,0.724771
7.943,0.725155
7.944,0.725538
7.945,0.725918
7.946,0.726296
7.947,0.726673
7.951,0.727047
7.952,0.727422
7.953,0.727796
7.957,0.728171
7.958,0.728547
7.959,0.728923
7.96,0.729299
7.961,0.729676
7.962,0.730053
7.963,0.730431
7.964,0.730809
7.974,0.731188
7.975,0.731566
7.978,0.731946
7.979,0.732328
7.98,0.732712
7.981,0.733097
7.981,0.733485
7.982,0.733874
7.991,0.734266
7.992,0.734659
7.994,0.735056
7.995,0.735452
7.996,0.735852
7.997,0.736255
7.998,0.73666
8.002,0.737068
8.008,0.737477
8.009,0.73789
8.01,0.738306
8.011,0.738724
8.012,0.739145
8.013,0.739567
8.014,0.739994
8.015,0.740424
8.024,0.740856
8.026,0.741293
8.027,0.741733
8.028,0.742175
8.031,0.742622
8.032,0.743073
8.033,0.743528
8.034,0.743987
8.041,0.74445
8.042,0.744914
8.043,0.74538
8.045,0.745847
8.046,0.746315
8.047,0.746785
8.048,0.747257
8.049,0.747733
8.058,0.748212
8.061,0.748694
8.063,0.749181
8.064,0.749669
8.065,0.75015
8.066,0.750633
8.067,0.751118
8.067,0.751602
8.075,0.752083
8.076,0.752562
8.077,0.753036
8.078,0.753505
8.079,0.753969
8.08,0.754433
8.083,0.754894
8.084,0.755348
8.091,0.755795
8.092,0.756236
8.094,0.756669
8.094,0.757094
8.095,0.757513
8.096,0.757923
8.097,0.758327
8.098,0.758723
8.108,0.759111
8.109,0.759493
8.11,0.759866
8.113,0.760233
8.114,0.760594
8.115,0.760948
8.115,0.761298
8.116,0.76164
8.125,0.761979
8.126,0.762313
8.127,0.762642
8.128,0.762966
8.129,0.763285
8.129,0.763599
8.13,0.763908
8.131,0.764213
8.143,0.764513
8.144,0.76481
8.145,0.765104
8.146,0.765394
8.147,0.765682
8.148,0.765966
8.148,0.766246
8.149,0.766524
8.158,0.766798
8.159,0.76707
8.16,0.767338
8.16,0.767604
8.161,0.767867
8.164,0.768128
8.164,0.768388
8.166,0.768645
8.175,0.768902
8.176,0.769155
8.177,0.769408
8.178,0.769659
8.179,0.769909
8.18,0.770157
8.181,0.770403
8.182,0.770649
8.192,0.770893
8.197,0.771136
8.207,0.771379
8.209,0.77162
8.211,0.771861
8.213,0.772102
8.215,0.772342
8.217,0.772581
8.219,0.77282
8.221,0.773059
8.223,0.773297
8.224,0.773536
8.226,0.773775
8.227,0.774013
8.229,0.774252
8.233,0.774491
8.234,0.774731
8.237,0.774971
8.239,0.775212
8.239,0.775454
8.24,0.775698
8.241,0.775943
8.243,0.77619
8.244,0.776437
8.246,0.776685
8.247,0.776935
8.249,0.777186
8.25,0.777438
8.254,0.777692
8.255,0.777948
8.256,0.778206
8.256,0.778466
8.259,0.778729
8.26,0.778996
8.261,0.779266
8.262,0.779544
8.263,0.779823
8.263,0.780102
8.264,0.780384
8.265,0.780667
8.276,0.780951
8.279,0.781239
8.28,0.781531
8.281,0.781824
8.281,0.782111
8.282,0.782396
8.283,0.78268
8.284,0.782966
8.293,0.783254
8.294,0.783549
8.294,0.783853
8.295,0.784155
8.296,0.784477
8.297,0.784798
8.3,0.78512
8.301,0.785444
8.309,0.785767
8.31,0.786091
8.311,0.786416
8.312,0.786741
8.313,0.787066
8.314,0.787391
8.315,0.787716
8.316,0.788042
8.326,0.788367
8.327,0.788692
8.328,0.789017
8.331,0.789342
8.332,0.789667
8.333,0.789993
8.334,0.79032
8.335,0.790645
8.343,0.790973
8.347,0.791301
8.35,0.79163
8.353,0.791961
8.357,0.792293
8.359,0.792627
8.363,0.792962
8.365,0.793299
8.37,0.793637
8.372,0.793978
8.374,0.794321
8.375,0.794666
8.377,0.795014
8.378,0.795364
8.379,0.795716
8.38,0.796072
8.382,0.796431
8.383,0.796792
8.384,0.797156
8.385,0.797523
8.386,0.797894
8.39,0.798268
8.391,0.798645
8.393,0.799026
8.396,0.79941
8.397,0.799798
8.398,0.80019
8.399,0.800585
8.399,0.800985
8.4,0.801388
8.401,0.801796
8.402,0.802208
8.413,0.802624
8.414,0.803045
8.416,0.803471
8.418,0.803901
8.419,0.804336
8.42,0.804775
8.421,0.80522
8.422,0.805669
8.429,0.806123
8.43,0.806581
8.431,0.807045
8.432,0.807513
8.432,0.807985
8.433,0.808463
8.434,0.808944
8.437,0.80943
8.446,0.809918
8.447,0.810409
8.448,0.810904
8.449,0.811401
8.45,0.811902
8.45,0.812405
8.451,0.812911
8.452,0.813421
8.463,0.813935
8.464,0.814452
8.465,0.814972
8.465,0.815497
8.468,0.816024
8.469,0.816554
8.47,0.817088
8.471,0.817624
8.48,0.818171
8.481,0.818725
8.481,0.81928
8.482,0.819833
8.483,0.82039
8.484,0.82095
8.485,0.821512
8.486,0.822077
8.497,0.822645
8.506,0.823218
8.513,0.823795
8.516,0.824375
8.519,0.824948
8.521,0.825518
8.522,0.826087
8.526,0.826662
8.528,0.827243
8.531,0.827822
8.533,0.828399
8.535,0.828973
8.537,0.829543
8.539,0.83011
8.543,0.830672
8.544,0.831228
8.545,0.831778
8.546,0.832323
8.548,0.832871
8.549,0.833424
8.55,0.83397
8.551,0.834509
8.552,0.835041
8.553,0.835567
8.554,0.836086
8.555,0.836599
8.556,0.837105
8.56,0.837606
8.561,0.838102
8.562,0.838593
8.563,0.839078
8.564,0.83956
8.568,0.840037
8.569,0.840509
8.57,0.840978
8.572,0.841443
8.573,0.841903
8.574,0.84236
8.575,0.842813
8.577,0.843263
8.584,0.843708
8.586,0.844152
8.587,0.844594
8.588,0.845034
8.589,0.845472
8.594,0.845908
8.595,0.846342
8.596,0.846775
8.601,0.847207
8.602,0.847636
8.603,0.848066
8.603,0.848494
8.604,0.848919
8.609,0.849345
8.61,0.849773
8.611,0.850201
8.618,0.850633
8.619,0.851066
8.62,0.851502
8.621,0.85194
8.622,0.85238
8.623,0.852822
8.624,0.853266
8.625,0.853713
8.635,0.854161
8.636,0.854613
8.638,0.855067
8.639,0.855524
8.64,0.855986
8.641,0.856451
8.645,0.85692
8.646,0.857393
8.652,0.857869
8.653,0.858349
8.654,0.858833
8.655,0.85932
8.656,0.85981
8.656,0.860304
8.657,0.860802
8.659,0.861302
8.668,0.861807
8.669,0.862314
8.673,0.862825
8.675,0.86334
8.676,0.863857
8.676,0.864379
8.677,0.864904
8.678,0.865433
8.685,0.865965
8.686,0.866493
8.688,0.867009
8.689,0.867526
8.691,0.868042
8.693,0.868556
8.694,0.869068
8.694,0.869579
8.702,0.87009
8.703,0.8706
8.704,0.87111
8.705,0.871621
8.706,0.872133
8.707,0.872644
8.708,0.873159
8.709,0.873676
8.719,0.874197
8.729,0.874721
8.732,0.875251
8.735,0.875783
8.737,0.876311
8.739,0.876836
8.741,0.87736
8.743,0.87788
8.745,0.878398
8.746,0.878912
8.748,0.879422
8.75,0.879927
8.751,0.880428
8.753,0.880923
8.758,0.881413
8.759,0.881895
8.76,0.88237
8.761,0.882837
8.762,0.883306
8.764,0.883776
8.765,0.884236
8.765,0.884686
8.766,0.885125
8.767,0.885555
8.775,0.885974
8.775,0.886384
8.776,0.886785
8.78,0.887176
8.781,0.887559
8.782,0.887933
8.784,0.8883
8.785,0.888659
8.791,0.88901
8.792,0.889353
8.793,0.889689
8.795,0.890017
8.796,0.890337
8.797,0.890651
8.798,0.890957
8.798,0.891256
8.808,0.89155
8.809,0.891839
8.81,0.892124
8.811,0.892404
8.812,0.89268
8.813,0.892952
8.814,0.89322
8.815,0.893483
8.825,0.893741
8.826,0.893995
8.827,0.894245
8.828,0.89449
8.829,0.894732
8.832,0.89497
8.833,0.895206
8.834,0.89544
8.841,0.895673
8.843,0.895904
8.843,0.896133
8.844,0.896361
8.845,0.896588
8.846,0.896813
8.847,0.897038
8.847,0.897261
8.858,0.897483
8.859,0.897703
8.862,0.897923
8.863,0.898142
8.864,0.898363
8.865,0.898583
8.866,0.898805
8.867,0.899026
8.875,0.899248
8.876,0.89947
8.877,0.899692
8.878,0.899914
8.879,0.900136
8.882,0.900358
8.883,0.90058
8.886,0.900802
8.892,0.901025
8.893,0.901249
8.893,0.901474
8.894,0.901699
8.895,0.901926
8.896,0.902153
8.897,0.902381
8.897,0.902611
8.909,0.902842
8.91,0.903074
8.911,0.903304
8.912,0.903532
8.915,0.903761
8.916,0.903989
8.916,0.904217
8.917,0.904445
8.926,0.904673
8.927,0.904903
8.928,0.905132
8.929,0.905364
8.93,0.905596
8.93,0.90583
8.931,0.906066
8.932,0.906304
8.943,0.906544
8.945,0.906787
8.946,0.907033
8.947,0.907281
8.948,0.907527
8.949,0.907778
8.949,0.908031
8.95,0.908286
8.959,0.908542
8.96,0.908799
8.961,0.909056
8.962,0.909314
8.963,0.909571
8.964,0.909841
8.966,0.910124
8.967,0.910407
8.976,0.910691
8.977,0.910976
8.978,0.91126
8.979,0.911545
8.98,0.911829
8.981,0.912114
8.982,0.912399
8.982,0.912684
8.993,0.912969
8.994,0.913254
8.995,0.91354
8.998,0.913826
8.999,0.914113
9,0.914402
9.001,0.914691
9.002,0.914982
9.009,0.915275
9.011,0.91557
9.012,0.915867
9.013,0.916166
9.014,0.916468
9.016,0.916771
9.017,0.917077
9.018,0.917385
9.026,0.917696
9.028,0.918011
9.03,0.918328
9.031,0.918648
9.032,0.918972
9.032,0.919298
9.033,0.919628
9.034,0.91996
9.043,0.920296
9.045,0.920635
9.046,0.920975
9.047,0.921319
9.048,0.921666
9.051,0.922017
9.053,0.922371
9.054,0.92273
9.06,0.923092
9.061,0.923457
9.064,0.923826
9.065,0.924199
9.066,0.924576
9.067,0.924957
9.067,0.925343
9.068,0.925732
9.076,0.926126
9.078,0.926525
9.081,0.926928
9.082,0.927335
9.083,0.927748
9.083,0.928164
9.084,0.928587
9.085,0.929014
9.093,0.929446
9.095,0.929883
9.096,0.930325
9.097,0.930771
9.098,0.931221
9.099,0.931675
9.1,0.932133
9.103,0.932595
9.11,0.933061
9.111,0.933529
9.112,0.934
9.113,0.934475
9.114,0.934954
9.115,0.935434
9.116,0.935918
9.117,0.936405
9.127,0.936896
9.128,0.93739
9.129,0.937886
9.13,0.938388
9.133,0.938894
9.134,0.939403
9.135,0.939909
9.136,0.940411
9.144,0.940912
9.145,0.941413
9.146,0.941916
9.147,0.94242
9.149,0.942925
9.15,0.943434
9.151,0.943944
9.152,0.944458
9.16,0.944976
9.163,0.945497
9.164,0.946025
9.165,0.946555
9.166,0.94708
9.167,0.947603
9.168,0.94813
9.168,0.948656
9.177,0.949179
9.178,0.9497
9.179,0.950218
9.18,0.950733
9.181,0.951244
9.182,0.95175
9.184,0.952252
9.185,0.952747
9.194,0.953236
9.195,0.953719
9.196,0.954195
9.196,0.954665
9.197,0.955128
9.198,0.955629
9.199,0.956124
9.2,0.956613
9.211,0.957094
9.212,0.957569
9.213,0.958037
9.215,0.958498
9.216,0.958954
9.217,0.959405
9.219,0.959851
9.22,0.960292
9.228,0.960728
9.229,0.96116
9.231,0.961586
9.232,0.962009
9.233,0.962427
9.234,0.962841
9.235,0.963251
9.236,0.963656
9.244,0.964058
9.246,0.964458
9.246,0.964856
9.247,0.965253
9.248,0.965648
9.248,0.966042
9.249,0.966433
9.25,0.966823
9.261,0.96721
9.262,0.967596
9.263,0.967979
9.264,0.96836
9.265,0.968738
9.268,0.969114
9.269,0.969489
9.27,0.969862
9.278,0.970237
9.279,0.970612
9.28,0.970987
9.281,0.971363
9.281,0.971739
9.282,0.972115
9.283,0.972492
9.284,0.97287
9.295,0.973248
9.296,0.973628
9.298,0.974009
9.3,0.974391
9.301,0.974775
9.302,0.975162
9.302,0.97555
9.304,0.975942
9.311,0.976335
9.312,0.976731
9.313,0.977129
9.314,0.97753
9.315,0.977933
9.316,0.978339
9.317,0.978746
9.32,0.979156
9.328,0.979569
9.329,0.979984
9.33,0.980402
9.331,0.980823
9.332,0.981246
9.334,0.981673
9.335,0.982101
9.336,0.982534
9.345,0.982971
9.346,0.983411
9.347,0.983855
9.348,0.984303
9.351,0.984755
9.352,0.98521
9.353,0.985668
9.354,0.98613
9.362,0.986592
9.363,0.987052
9.364,0.987513
9.365,0.987971
9.366,0.988435
9.366,0.988902
9.367,0.989371
9.368,0.989843
9.378,0.990318
9.382,0.990798
9.382,0.991282
9.383,0.991768
9.384,0.992249
9.389,0.992728
9.389,0.993213
9.391,0.993696
9.395,0.994177
9.396,0.994655
9.397,0.995129
9.398,0.995597
9.398,0.99606
9.4,0.996519
9.403,0.996972
9.404,0.997419
9.412,0.997858
9.414,0.998289
9.414,0.998713
9.415,0.99913
9.416,0.999539
9.417,0.999941
9.418,1.00033
9.419,1.00072
9.429,1.0011
9.43,1.00147
9.431,1.00183
9.433,1.00219
9.434,1.00254
9.435,1.00288
9.436,1.00322
9.437,1.00355
9.445,1.00388
9.446,1.0042
9.447,1.00451
9.448,1.00482
9.449,1.00512
9.451,1.00542
9.451,1.00571
9.452,1.00599
9.462,1.00627
9.463,1.00655
9.464,1.00683
9.465,1.0071
9.466,1.00737
9.467,1.00763
9.468,1.00789
9.469,1.00815
9.479,1.00841
9.48,1.00866
9.481,1.00891
9.482,1.00916
9.483,1.0094
9.485,1.00964
9.486,1.00988
9.486,1.01011
9.496,1.01035
9.497,1.01058
9.498,1.0108
9.499,1.01103
9.499,1.01125
9.5,1.01147
9.501,1.01169
9.502,1.01191
9.512,1.01213
9.514,1.01234
9.517,1.01255
9.518,1.01276
9.519,1.01297
9.52,1.01318
9.521,1.01339
9.522,1.0136
9.529,1.01381
9.531,1.01402
9.532,1.01423
9.533,1.01444
9.535,1.01465
9.536,1.01486
9.537,1.01507
9.541,1.01528
9.546,1.01549
9.549,1.0157
9.55,1.01591
9.551,1.01612
9.552,1.01633
9.553,1.01655
9.553,1.01676
9.556,1.01697
9.563,1.01719
9.564,1.0174
9.565,1.01762
9.567,1.01784
9.571,1.01805
9.572,1.01828
9.573,1.0185
9.574,1.01872
9.58,1.01895
9.583,1.01918
9.587,1.01941
9.594,1.01965
9.598,1.01989
9.6,1.02013
9.603,1.02037
9.606,1.02062
9.611,1.02086
9.616,1.02111
9.617,1.02136
9.619,1.02161
9.621,1.02186
9.622,1.0221
9.624,1.02234
9.625,1.02259
9.626,1.02283
9.627,1.0231
9.628,1.02336
9.63,1.02364
9.631,1.02392
9.632,1.02421
9.635,1.02449
9.636,1.02478
9.637,1.02507
9.638,1.02536
9.639,1.02565
9.64,1.02594
9.641,1.02624
9.642,1.02653
9.643,1.02683
9.644,1.02713
9.654,1.02743
9.655,1.02773
9.656,1.02803
9.659,1.02833
9.661,1.02864
9.662,1.02894
9.663,1.02925
9.664,1.02956
9.669,1.02987
9.67,1.03018
9.671,1.0305
9.672,1.03081
9.673,1.03113
9.674,1.03145
9.675,1.03178
9.676,1.0321
9.685,1.03243
9.686,1.03276
9.687,1.0331
9.688,1.03344
9.689,1.03378
9.69,1.03412
9.69,1.03447
9.691,1.03482
9.702,1.03517
9.703,1.03553
9.704,1.03588
9.705,1.03624
9.706,1.03661
9.71,1.03698
9.71,1.03735
9.711,1.03772
9.719,1.0381
9.72,1.03848
9.721,1.03886
9.722,1.03925
9.723,1.03964
9.724,1.04004
9.725,1.04044
9.726,1.04085
9.736,1.04126
9.737,1.04167
9.74,1.04209
9.741,1.04252
9.742,1.04295
9.743,1.04339
9.744,1.04384
9.745,1.04429
9.753,1.04475
9.754,1.04521
9.754,1.04568
9.755,1.04616
9.759,1.04664
9.76,1.04713
9.761,1.04762
9.765,1.04812
9.77,1.04863
9.771,1.04914
9.772,1.04965
9.772,1.05016
9.773,1.05068
9.774,1.0512
9.781,1.05172
9.782,1.05225
9.786,1.05279
9.787,1.05332
9.788,1.05386
9.789,1.0544
9.792,1.05495
9.794,1.0555
9.795,1.05606
9.796,1.05662
9.803,1.05718
9.804,1.05774
9.805,1.05831
9.806,1.05887
9.807,1.05944
9.807,1.06001
9.808,1.06058
9.81,1.06116
9.82,1.06173
9.823,1.06232
9.823,1.0629
9.824,1.06349
9.825,1.06408
9.827,1.06466
9.828,1.06524
9.829,1.06583
9.837,1.06641
9.838,1.06699
9.838,1.06757
9.839,1.06815
9.84,1.06872
9.841,1.0693
9.844,1.06986
9.845,1.07042
9.853,1.07097
9.854,1.07152
9.855,1.07208
9.856,1.07264
9.857,1.07319
9.859,1.07373
9.86,1.07426
9.861,1.07479
9.87,1.07532
9.871,1.07583
9.872,1.07635
9.875,1.07685
9.876,1.07736
9.877,1.07786
9.878,1.07835
9.878,1.07884
9.887,1.07933
9.888,1.07981
9.889,1.08029
9.89,1.08076
9.89,1.08124
9.891,1.08171
9.892,1.08217
9.893,1.08263
9.904,1.08309
9.905,1.08355
9.906,1.08401
9.906,1.08446
9.907,1.08492
9.908,1.08537
9.91,1.08582
9.91,1.08627
9.92,1.08671
9.921,1.08716
9.922,1.0876
9.923,1.08805
9.925,1.08849
9.928,1.08893
9.93,1.08937
9.93,1.08981
9.937,1.09026
9.938,1.09071
9.939,1.09116
9.941,1.09161
9.943,1.09207
9.944,1.09253
9.945,1.09299
9.946,1.09346
9.954,1.09392
9.955,1.0944
9.959,1.09487
9.959,1.09535
9.96,1.09583
9.961,1.09632
9.962,1.09681
9.963,1.09731
9.971,1.09781
9.972,1.09831
9.973,1.09882
9.974,1.09933
9.975,1.09985
9.976,1.10037
9.977,1.10089
9.98,1.10142
9.988,1.10195
9.989,1.10249
9.99,1.10303
9.991,1.10357
9.992,1.10412
9.994,1.10467
9.995,1.10522
9.996,1.10578
10.005,1.10634
10.006,1.10689
10.007,1.10743
10.008,1.10797
10.011,1.10852
10.013,1.10906
10.014,1.1096
10.015,1.11014
10.022,1.11067
10.026,1.11121
10.03,1.11174
10.036,1.11228
10.044,1.11281
10.047,1.11335
10.051,1.11388
10.054,1.11442
10.057,1.11497
10.064,1.11551
10.066,1.11606
10.068,1.11661
10.07,1.11716
10.071,1.1177
10.073,1.11824
10.075,1.11877
10.076,1.1193
10.078,1.11983
10.079,1.12035
10.081,1.12086
10.082,1.12137
10.084,1.12187
10.088,1.12237
10.089,1.12286
10.091,1.12334
10.092,1.12382
10.093,1.1243
10.095,1.12478
10.096,1.12524
10.097,1.12569
10.098,1.12613
10.099,1.12656
10.1,1.12698
10.102,1.1274
10.103,1.1278
10.106,1.12819
10.107,1.12858
10.108,1.12896
10.109,1.12933
10.11,1.12969
10.116,1.13005
10.117,1.1304
10.118,1.13074
10.119,1.13107
10.12,1.1314
10.121,1.13172
10.122,1.13203
10.123,1.13233
10.133,1.13263
10.134,1.13293
10.135,1.13322
10.135,1.13351
10.136,1.13379
10.137,1.13406
10.138,1.13434
10.139,1.1346
10.15,1.13487
10.151,1.13513
10.152,1.13538
10.153,1.13563
10.154,1.13588
10.157,1.13612
10.158,1.13636
10.159,1.1366
10.167,1.13684
10.168,1.13707
10.169,1.1373
10.17,1.13753
10.172,1.13776
10.174,1.13798
10.175,1.13821
10.176,1.13843
10.183,1.13864
10.184,1.13886
10.187,1.13907
10.188,1.13929
10.192,1.1395
10.193,1.13972
10.194,1.13993
10.195,1.14014
10.2,1.14036
10.201,1.14057
10.202,1.14078
10.203,1.14099
10.204,1.14121
10.205,1.14142
10.206,1.14163
10.209,1.14184
10.217,1.14206
10.218,1.14227
10.219,1.14249
10.22,1.1427
10.221,1.14292
10.221,1.14314
10.222,1.14336
10.223,1.14358
10.234,1.14381
10.235,1.14403
10.236,1.14426
10.237,1.14447
10.239,1.14469
10.24,1.1449
10.241,1.14512
10.243,1.14533
10.25,1.14555
10.251,1.14576
10.252,1.14598
10.253,1.1462
10.254,1.14642
10.255,1.14665
10.256,1.14687
10.257,1.1471
10.267,1.14733
10.27,1.14756
10.271,1.1478
10.272,1.14804
10.273,1.14828
10.275,1.14852
10.276,1.14876
10.277,1.14901
10.284,1.14926
10.285,1.14951
10.286,1.14975
10.288,1.15001
10.289,1.15027
10.29,1.15054
10.293,1.15081
10.294,1.15108
10.301,1.15135
10.302,1.15162
10.303,1.15189
10.305,1.15217
10.306,1.15244
10.307,1.15271
10.308,1.15298
10.309,1.15326
10.317,1.15353
10.318,1.1538
10.319,1.15407
10.322,1.15435
10.326,1.15462
10.328,1.1549
10.329,1.15518
10.33,1.15546
10.334,1.15574
10.335,1.15602
10.336,1.1563
10.337,1.15659
10.338,1.15688
10.339,1.15717
10.341,1.15746
10.342,1.15776
10.351,1.15806
10.352,1.15836
10.353,1.15867
10.354,1.15898
10.355,1.15929
10.356,1.15961
10.357,1.15993
10.358,1.16025
10.368,1.16057
10.37,1.1609
10.37,1.16123
10.371,1.16156
10.372,1.1619
10.376,1.16224
10.377,1.16258
10.378,1.16292
10.385,1.16327
10.386,1.16361
10.387,1.16397
10.388,1.16432
10.389,1.16468
10.39,1.16504
10.391,1.1654
10.392,1.16577
10.402,1.16614
10.406,1.16652
10.419,1.1669
10.422,1.16728
10.425,1.16767
10.429,1.16806
10.432,1.16845
10.438,1.16885
10.441,1.16925
10.444,1.16966
10.447,1.17007
10.449,1.17049
10.451,1.17091
10.453,1.17133
10.454,1.17176
10.459,1.17219
10.461,1.17262
10.462,1.17306
10.464,1.1735
10.471,1.17394
10.472,1.17438
10.474,1.17483
10.475,1.17528
10.477,1.17573
10.479,1.17619
10.48,1.17664
10.481,1.17711
10.482,1.17757
10.485,1.17804
10.486,1.17851
10.487,1.17898
10.489,1.17944
10.49,1.1799
10.491,1.18036
10.492,1.18082
10.493,1.18128
10.494,1.18174
10.495,1.18221
10.496,1.18268
10.497,1.18315
10.506,1.18362
10.51,1.1841
10.511,1.18458
10.512,1.18506
10.513,1.18554
10.514,1.18602
10.515,1.1865
10.516,1.18698
10.523,1.18746
10.524,1.18793
10.525,1.18841
10.527,1.18888
10.528,1.18935
10.529,1.18982
10.533,1.19028
10.534,1.19074
10.545,1.19119
10.546,1.19164
10.547,1.19208
10.548,1.19256
10.549,1.19304
10.55,1.19351
10.551,1.19398
10.552,1.19444
10.558,1.1949
10.559,1.19535
10.56,1.1958
10.564,1.19624
10.565,1.19669
10.566,1.19712
10.567,1.19756
10.568,1.198
10.575,1.19843
10.576,1.19886
10.576,1.19928
10.577,1.19971
10.578,1.20013
10.579,1.20055
10.58,1.20096
10.58,1.20138
10.592,1.20179
10.594,1.2022
10.595,1.20262
10.597,1.20303
10.597,1.20344
10.598,1.20385
10.6,1.20426
10.601,1.20467
10.608,1.20508
10.61,1.20549
10.611,1.2059
10.612,1.2063
10.613,1.20671
10.617,1.20711
10.618,1.20751
10.619,1.20791
10.625,1.20832
10.626,1.20872
10.628,1.20912
10.63,1.20953
10.631,1.20993
10.632,1.21034
10.634,1.21074
10.635,1.21115
10.644,1.21156
10.645,1.21197
10.648,1.21239
10.649,1.21281
10.65,1.21323
10.651,1.21365
10.653,1.21407
10.659,1.2145
10.66,1.21494
10.661,1.21537
10.662,1.21581
10.663,1.21625
10.664,1.2167
10.666,1.21715
10.667,1.2176
10.672,1.21805
10.676,1.21851
10.677,1.21897
10.678,1.21944
10.679,1.21991
10.68,1.22038
10.681,1.22086
10.682,1.22134
10.684,1.22182
10.692,1.22231
10.693,1.22281
10.694,1.2233
10.695,1.22381
10.697,1.22431
10.698,1.22483
10.699,1.22534
10.7,1.22586
10.709,1.22637
10.71,1.22688
10.712,1.2274
10.713,1.22791
10.714,1.22843
10.715,1.22895
10.716,1.22947
10.717,1.23
10.726,1.23053
10.732,1.23106
10.733,1.2316
10.734,1.23214
10.735,1.23268
10.736,1.23322
10.736,1.23375
10.737,1.23428
10.742,1.23481
10.744,1.23533
10.745,1.23585
10.746,1.23636
10.747,1.23687
10.748,1.23737
10.751,1.23786
10.752,1.23835
10.759,1.23883
10.761,1.2393
10.762,1.23976
10.763,1.24021
10.764,1.24066
10.765,1.2411
10.766,1.24153
10.767,1.24195
10.776,1.24236
10.777,1.24277
10.778,1.24317
10.78,1.24356
10.781,1.24394
10.782,1.24432
10.783,1.24469
10.784,1.24506
10.793,1.24541
10.794,1.24577
10.795,1.24611
10.796,1.24646
10.797,1.24679
10.798,1.24712
10.799,1.24744
10.8,1.24776
10.81,1.24807
10.811,1.24838
10.812,1.24868
10.813,1.24898
10.814,1.24928
10.815,1.24957
10.815,1.24986
10.817,1.25015
10.827,1.25042
10.828,1.2507
10.829,1.25097
10.83,1.25123
10.83,1.2515
10.834,1.25175
10.835,1.252
10.836,1.25225
10.843,1.25249
10.844,1.25273
10.845,1.25297
10.846,1.2532
10.847,1.25343
10.848,1.25366
10.849,1.25388
10.849,1.25411
10.86,1.25433
10.861,1.25455
10.864,1.25477
10.865,1.25498
10.866,1.2552
10.867,1.25542
10.867,1.25563
10.868,1.25585
10.877,1.25606
10.878,1.25627
10.879,1.25649
10.88,1.2567
10.881,1.25691
10.882,1.25712
10.882,1.25733
10.885,1.25754
10.894,1.25775
10.895,1.25796
10.896,1.25817
10.897,1.25838
10.898,1.25859
10.899,1.2588
10.9,1.25902
10.901,1.25923
10.91,1.25945
10.911,1.25966
10.912,1.25988
10.913,1.2601
10.916,1.26032
10.917,1.26054
10.918,1.26076
10.918,1.26099
10.927,1.26122
10.928,1.26145
10.929,1.26169
10.93,1.26193
10.931,1.26217
10.932,1.26241
10.933,1.26266
10.934,1.2629
10.944,1.26315
10.948,1.2634
10.949,1.26366
10.95,1.26392
10.951,1.26417
10.952,1.26442
10.953,1.26468
10.954,1.26493
10.961,1.2652
10.963,1.26546
10.964,1.26574
10.965,1.26601
10.966,1.26628
10.967,1.26655
10.97,1.26682
10.971,1.26709
10.977,1.26736
10.979,1.26763
10.98,1.2679
10.981,1.26817
10.982,1.26844
10.985,1.26871
10.986,1.26898
10.987,1.26925
10.994,1.26952
10.995,1.26979
10.996,1.27005
10.999,1.27032
11,1.27059
11.001,1.27086
11.001,1.27113
11.002,1.2714
11.011,1.27167
11.012,1.27194
11.013,1.27222
11.014,1.27249
11.014,1.27276
11.015,1.27304
11.016,1.27332
11.017,1.2736
11.028,1.27388
11.029,1.27416
11.03,1.27444
11.031,1.27473
11.032,1.27502
11.033,1.27531
11.034,1.2756
11.035,1.27589
11.045,1.27618
11.045,1.27648
11.046,1.27677
11.047,1.27707
11.048,1.27736
11.051,1.27766
11.053,1.27796
11.054,1.27827
11.061,1.27857
11.063,1.27888
11.064,1.27918
11.065,1.2795
11.065,1.27981
11.066,1.28013
11.067,1.28045
11.068,1.28078
11.078,1.28111
11.079,1.28144
11.081,1.28178
11.082,1.28213
11.083,1.28248
11.084,1.28284
11.085,1.28321
11.086,1.28358
11.095,1.28396
11.096,1.28434
11.098,1.28473
11.099,1.28513
11.099,1.28552
11.1,1.28593
11.101,1.28634
11.104,1.28675
11.112,1.28717
11.113,1.28758
11.114,1.28801
11.114,1.28843
11.116,1.28886
11.117,1.28929
11.118,1.28972
11.119,1.29015
11.128,1.29059
11.129,1.29103
11.13,1.29148
11.131,1.29193
11.134,1.29238
11.135,1.29283
11.136,1.29328
11.137,1.29374
11.145,1.2942
11.146,1.29465
11.147,1.29511
11.148,1.29557
11.149,1.29603
11.15,1.29649
11.15,1.29695
11.151,1.29742
11.162,1.29788
11.166,1.29835
11.167,1.29882
11.168,1.2993
11.168,1.29977
11.169,1.30023
11.171,1.30071
11.172,1.30118
11.179,1.30166
11.18,1.30213
11.181,1.30261
11.182,1.30308
11.182,1.30355
11.183,1.30402
11.187,1.30449
11.187,1.30496
11.196,1.30543
11.197,1.3059
11.197,1.30637
11.198,1.30683
11.199,1.3073
11.2,1.30776
11.2,1.30821
11.201,1.30867
11.213,1.30912
11.213,1.30957
11.214,1.31002
11.217,1.31047
11.218,1.31091
11.219,1.31136
11.22,1.3118
11.222,1.31224
11.229,1.31268
11.23,1.31312
11.231,1.31356
11.233,1.314
11.234,1.31444
11.235,1.31488
11.236,1.31532
11.237,1.31575
11.246,1.31619
11.247,1.31662
11.248,1.31706
11.249,1.3175
11.249,1.31794
11.25,1.31837
11.251,1.31881
11.252,1.31925
11.263,1.31969
11.264,1.32013
11.265,1.32057
11.266,1.32101
11.266,1.32144
11.273,1.32188
11.275,1.32233
11.276,1.32277
11.28,1.32322
11.281,1.32367
11.282,1.32412
11.283,1.32458
11.284,1.32504
11.285,1.32551
11.286,1.32599
11.287,1.32647
11.296,1.32696
11.297,1.32745
11.3,1.32795
11.301,1.32846
11.302,1.32897
11.303,1.32949
11.304,1.33002
11.304,1.33055
11.313,1.33108
11.314,1.33163
11.315,1.33217
11.316,1.33273
11.316,1.33329
11.317,1.33385
11.318,1.33443
11.32,1.335
11.33,1.33558
11.331,1.33616
11.332,1.33675
11.333,1.33734
11.334,1.33793
11.335,1.33853
11.335,1.33913
11.336,1.33974
11.347,1.34035
11.348,1.34096
11.349,1.34157
11.35,1.3422
11.353,1.34282
11.353,1.34345
11.354,1.34407
11.355,1.3447
11.364,1.34533
11.364,1.34597
11.365,1.3466
11.366,1.34724
11.367,1.34789
11.368,1.34853
11.369,1.34918
11.37,1.34983
11.38,1.35049
11.383,1.35115
11.384,1.35181
11.385,1.35248
11.386,1.35314
11.387,1.35381
11.388,1.35447
11.388,1.35513
11.397,1.3558
11.398,1.35647
11.399,1.35714
11.399,1.3578
11.4,1.35847
11.401,1.35914
11.404,1.3598
11.405,1.36046
11.414,1.36111
11.415,1.36177
11.416,1.36242
11.417,1.36307
11.418,1.36372
11.42,1.36435
11.421,1.36498
11.421,1.36559
11.431,1.36619
11.432,1.36679
11.433,1.36738
11.436,1.36795
11.437,1.36852
11.438,1.36908
11.439,1.36963
11.44,1.37018
11.447,1.37071
11.448,1.37124
11.449,1.37176
11.45,1.37227
11.451,1.37278
11.453,1.37327
11.454,1.37376
11.455,1.37424
11.465,1.37472
11.466,1.37519
11.467,1.37565
11.468,1.37611
11.468,1.37656
11.469,1.37701
11.47,1.37746
11.471,1.37789
11.481,1.37832
11.482,1.37875
11.483,1.37916
11.484,1.37958
11.485,1.37998
11.487,1.38037
11.488,1.38076
11.489,1.38115
11.498,1.38153
11.5,1.38191
11.501,1.38228
11.502,1.38265
11.503,1.38301
11.504,1.38337
11.505,1.38373
11.508,1.38409
11.515,1.38444
11.516,1.38479
11.519,1.38513
11.52,1.38548
11.521,1.38582
11.521,1.38616
11.522,1.38651
11.523,1.38685
11.531,1.38719
11.533,1.38754
11.534,1.38788
11.534,1.38822
11.535,1.38856
11.536,1.3889
11.537,1.38924
11.54,1.38958
11.548,1.38992
11.549,1.39026
11.55,1.3906
11.551,1.39093
11.552,1.39127
11.553,1.3916
11.554,1.39194
11.555,1.39227
11.565,1.3926
11.566,1.39294
11.567,1.39327
11.568,1.3936
11.57,1.39393
11.571,1.39426
11.572,1.39459
11.573,1.39492
11.582,1.39524
11.583,1.39557
11.584,1.3959
11.584,1.39622
11.585,1.39655
11.586,1.39687
11.587,1.3972
11.588,1.39753
11.599,1.39785
11.602,1.39818
11.603,1.39851
11.604,1.39884
11.605,1.39917
11.606,1.39949
11.607,1.39982
11.608,1.40015
11.615,1.40048
11.616,1.40081
11.617,1.40114
11.618,1.40147
11.618,1.40181
11.619,1.40215
11.622,1.40249
11.623,1.40282
11.632,1.40316
11.633,1.40349
11.634,1.40383
11.635,1.40416
11.636,1.4045
11.637,1.40483
11.638,1.40517
11.639,1.40551
11.649,1.40584
11.65,1.40618
11.65,1.40652
11.653,1.40686
11.654,1.4072
11.654,1.40756
11.655,1.40792
11.656,1.40828
11.665,1.40865
11.666,1.40901
11.667,1.40937
11.668,1.40973
11.669,1.41009
11.67,1.41045
11.671,1.4108
11.673,1.41115
11.682,1.4115
11.684,1.41184
11.685,1.41219
11.686,1.41253
11.687,1.41287
11.688,1.41321
11.69,1.41354
11.691,1.41388
11.699,1.41421
11.7,1.41454
11.701,1.41487
11.702,1.41519
11.703,1.41551
11.707,1.41583
11.709,1.41615
11.71,1.41648
11.716,1.4168
11.717,1.41713
11.717,1.41745
11.718,1.41778
11.719,1.41811
11.72,1.41844
11.721,1.41878
11.722,1.41911
11.732,1.41945
11.733,1.41979
11.736,1.42013
11.736,1.42047
11.737,1.42082
11.738,1.42116
11.739,1.42151
11.74,1.42186
11.749,1.42222
11.75,1.42257
11.751,1.42293
11.752,1.42328
11.753,1.42364
11.753,1.424
11.754,1.42436
11.759,1.42472
11.766,1.42509
11.767,1.42545
11.768,1.42581
11.768,1.42618
11.769,1.42654
11.77,1.42691
11.771,1.42727
11.772,1.42764
11.783,1.428
11.784,1.42837
11.785,1.42873
11.786,1.4291
11.788,1.42947
11.789,1.42983
11.79,1.4302
11.791,1.43056
11.8,1.43093
11.801,1.4313
11.802,1.43166
11.802,1.43203
11.803,1.43239
11.804,1.43276
11.805,1.43313
11.806,1.43349
11.817,1.43386
11.819,1.43423
11.82,1.4346
11.822,1.43496
11.822,1.43533
11.823,1.43569
11.824,1.43606
11.825,1.43643
11.833,1.4368
11.834,1.43717
11.835,1.43754
11.836,1.43791
11.837,1.43829
11.838,1.43866
11.841,1.43905
11.842,1.43943
11.85,1.43982
11.851,1.44021
11.852,1.44059
11.853,1.44097
11.854,1.44135
11.856,1.44173
11.857,1.44211
11.858,1.44249
11.867,1.44287
11.87,1.44325
11.873,1.44363
11.883,1.44401
11.886,1.44439
11.891,1.4448
11.895,1.44522
11.898,1.44564
11.901,1.44607
11.905,1.44649
11.908,1.44692
11.912,1.44735
11.914,1.44778
11.917,1.44821
11.919,1.44864
11.921,1.44907
11.928,1.4495
11.93,1.44993
11.931,1.45036
11.933,1.45079
11.936,1.45122
11.94,1.45165
11.943,1.45208
11.944,1.45251
11.945,1.45295
11.946,1.45338
11.947,1.45381
11.948,1.45425
11.95,1.45468
11.957,1.45512
11.958,1.45556
11.959,1.456
11.962,1.45644
11.963,1.45689
11.964,1.45734
11.965,1.45779
11.966,1.45825
11.968,1.4587
11.97,1.45917
11.971,1.45963
11.979,1.4601
11.979,1.46057
11.983,1.46104
11.984,1.46152
11.985,1.462
11.986,1.46248
11.987,1.46296
11.988,1.46345
11.995,1.46394
11.996,1.46444
11.997,1.46494
11.998,1.46544
11.998,1.46594
11.999,1.46645
12,1.46696
12.003,1.46748
12.012,1.468
12.013,1.46851
12.014,1.46904
12.014,1.46956
12.015,1.47009
12.016,1.47062
12.017,1.47115
12.017,1.47169
12.029,1.47222
12.03,1.47277
12.031,1.47331
12.032,1.47386
12.034,1.47441
12.035,1.47496
12.036,1.47551
12.037,1.47606
12.046,1.47661
12.047,1.47716
12.048,1.47772
12.049,1.47827
12.05,1.47883
12.051,1.47939
12.052,1.47994
12.053,1.48051
12.063,1.48107
12.066,1.48163
12.066,1.4822
12.067,1.48277
12.068,1.48334
12.069,1.48391
12.069,1.48449
12.07,1.48506
12.079,1.48564
12.08,1.48622
12.081,1.4868
12.082,1.48739
12.082,1.48796
12.083,1.48853
12.086,1.48909
12.087,1.48965
12.096,1.49021
12.1,1.49076
12.103,1.49131
12.106,1.49185
12.109,1.49239
12.112,1.49292
12.116,1.49345
12.119,1.49398
12.124,1.4945
12.127,1.49502
12.129,1.49553
12.136,1.49604
12.138,1.49654
12.139,1.49703
12.141,1.4975
12.143,1.49797
12.144,1.49843
12.146,1.49887
12.147,1.49931
12.149,1.49974
12.15,1.50015
12.151,1.50055
12.153,1.50095
12.154,1.50133
12.158,1.50171
12.159,1.50207
12.16,1.50243
12.161,1.50278
12.163,1.50313
12.163,1.50346
12.165,1.50379
12.166,1.50411
12.169,1.50442
12.17,1.50473
12.171,1.50503
12.174,1.50532
12.175,1.5056
12.178,1.50587
12.179,1.50614
12.18,1.50641
12.186,1.50667
12.187,1.50692
12.188,1.50718
12.189,1.50743
12.19,1.50767
12.195,1.50791
12.196,1.50815
12.197,1.50838
12.203,1.50861
12.204,1.50884
12.207,1.50906
12.208,1.50928
12.209,1.50949
12.21,1.5097
12.211,1.50991
12.212,1.51012
12.219,1.51033
12.221,1.51053
12.222,1.51073
12.223,1.51093
12.224,1.51112
12.226,1.51131
12.227,1.5115
12.231,1.51169
12.236,1.51187
12.237,1.51206
12.239,1.51224
12.24,1.51242
12.241,1.5126
12.242,1.51277
12.243,1.51294
12.244,1.51312
12.253,1.51329
12.254,1.51345
12.256,1.51362
12.257,1.51378
12.26,1.51395
12.261,1.5141
12.262,1.51426
12.263,1.51441
12.27,1.51456
12.271,1.5147
12.272,1.51484
12.273,1.51498
12.274,1.51512
12.276,1.51525
12.278,1.51538
12.279,1.51551
12.287,1.51564
12.29,1.51577
12.291,1.5159
12.292,1.51602
12.293,1.51615
12.294,1.51628
12.294,1.51642
12.295,1.51655
12.304,1.5167
12.305,1.51685
12.306,1.517
12.307,1.51716
12.308,1.51732
12.308,1.51748
12.312,1.51765
12.313,1.51782
12.32,1.51799
12.321,1.51817
12.322,1.51835
12.323,1.51853
12.324,1.51872
12.324,1.51892
12.325,1.51911
12.326,1.51932
12.337,1.51953
12.338,1.51974
12.339,1.51994
12.342,1.52015
12.343,1.52034
12.345,1.52053
12.345,1.52071
12.346,1.5209
12.354,1.52108
12.355,1.52125
12.356,1.52143
12.357,1.52161
12.358,1.52179
12.359,1.522
12.36,1.52219
12.361,1.52238
12.371,1.52257
12.372,1.52275
12.373,1.52293
12.374,1.5231
12.375,1.52327
12.375,1.52343
12.376,1.52359
12.377,1.52374
12.387,1.52389
12.389,1.52404
12.39,1.52418
12.391,1.52431
12.392,1.52444
12.395,1.52457
12.396,1.5247
12.397,1.52483
12.404,1.52496
12.405,1.52509
12.407,1.52522
12.408,1.52535
12.409,1.52548
12.41,1.52562
12.41,1.52575
12.411,1.52589
12.421,1.52603
12.424,1.52617
12.435,1.52631
12.439,1.52646
12.442,1.52661
12.445,1.52676
12.448,1.52691
12.451,1.52706
12.453,1.52721
12.455,1.52737
12.458,1.52753
12.46,1.52769
12.461,1.52785
12.463,1.52801
12.465,1.52817
12.477,1.52833
12.478,1.52849
12.479,1.52866
12.481,1.52882
12.482,1.52899
12.483,1.52915
12.484,1.52932
12.486,1.52949
12.486,1.52965
12.495,1.52982
12.496,1.52999
12.497,1.53015
12.498,1.53032
12.501,1.53049
12.502,1.53066
12.503,1.53083
12.504,1.531
12.511,1.53117
12.512,1.53134
12.513,1.53151
12.514,1.53168
12.515,1.53185
12.516,1.53201
12.517,1.53217
12.519,1.53233
12.528,1.53248
12.533,1.53264
12.534,1.5328
12.535,1.53296
12.536,1.53312
12.538,1.53328
12.539,1.53345
12.54,1.53361
12.545,1.53377
12.546,1.53394
12.547,1.53411
12.548,1.53428
12.549,1.53445
12.55,1.53462
12.553,1.53479
12.555,1.53497
12.562,1.53514
12.563,1.53532
12.564,1.5355
12.565,1.53568
12.566,1.53587
12.567,1.53605
12.568,1.53624
12.568,1.53643
12.579,1.53662
12.58,1.53681
12.581,1.537
12.584,1.5372
12.585,1.5374
12.586,1.5376
12.587,1.53781
12.587,1.53802
12.596,1.53823
12.597,1.53844
12.597,1.53866
12.598,1.53888
12.599,1.53911
12.6,1.53933
12.605,1.53957
12.607,1.53987
12.613,1.54018
12.615,1.54049
12.618,1.54082
12.621,1.54116
12.623,1.54152
12.625,1.54188
12.627,1.54225
12.629,1.54263
12.631,1.54303
12.634,1.54343
12.636,1.54384
12.639,1.54427
12.642,1.54471
12.647,1.54515
12.648,1.54561
12.65,1.54607
12.651,1.54654
12.651,1.54702
12.652,1.54751
12.653,1.54801
12.654,1.54851
12.655,1.54902
12.657,1.54955
12.658,1.55007
12.665,1.55061
12.666,1.55116
12.67,1.55171
12.671,1.55227
12.672,1.55283
12.674,1.5534
12.675,1.55397
12.677,1.55455
12.682,1.55514
12.683,1.55572
12.684,1.55632
12.685,1.55692
12.686,1.55752
12.688,1.55813
12.689,1.55874
12.692,1.55936
12.699,1.55998
12.7,1.5606
12.701,1.56122
12.702,1.56185
12.703,1.56247
12.705,1.5631
12.708,1.56374
12.709,1.56438
12.716,1.56502
12.717,1.56566
12.718,1.56631
12.719,1.56696
12.724,1.56761
12.725,1.56827
12.726,1.56893
12.727,1.56959
12.732,1.57025
12.734,1.57091
12.735,1.57158
12.736,1.57225
12.737,1.57293
12.738,1.5736
12.739,1.57427
12.74,1.57494
12.75,1.57561
12.761,1.57629
12.764,1.57696
12.769,1.57764
12.774,1.57833
12.78,1.579
12.783,1.57967
12.786,1.58033
12.788,1.58099
12.791,1.58164
12.793,1.58229
12.795,1.58292
12.797,1.58355
12.799,1.58416
12.803,1.58475
12.804,1.58533
12.805,1.58589
12.807,1.58644
12.809,1.58698
12.81,1.58751
12.811,1.58802
12.812,1.58852
12.813,1.58901
12.814,1.58948
12.819,1.58995
12.821,1.59039
12.822,1.59083
12.825,1.59125
12.826,1.59166
12.827,1.59206
12.828,1.59245
12.829,1.59283
12.836,1.5932
12.837,1.59356
12.838,1.5939
12.839,1.59424
12.84,1.59457
12.841,1.59488
12.842,1.59519
12.843,1.59548
12.853,1.59577
12.854,1.59604
12.855,1.59631
12.855,1.59657
12.856,1.59683
12.857,1.59707
12.858,1.59731
12.859,1.59755
12.87,1.59777
12.87,1.59799
12.871,1.5982
12.872,1.5984
12.873,1.5986
12.876,1.59878
12.877,1.59897
12.878,1.59914
12.886,1.59931
12.887,1.59947
12.888,1.59963
12.89,1.59978
12.891,1.59993
12.892,1.60007
12.893,1.6002
12.894,1.60033
12.903,1.60045
12.904,1.60057
12.907,1.60068
12.908,1.60079
12.909,1.60089
12.91,1.60099
12.912,1.60109
12.913,1.60118
12.92,1.60127
12.921,1.60136
12.922,1.60144
12.923,1.60151
12.924,1.60159
12.925,1.60166
12.926,1.60173
12.929,1.60179
12.937,1.60185
12.938,1.60192
13.11,1.60197
13.113,1.60203
13.116,1.60209
13.119,1.60214
13.122,1.6022
13.126,1.60225
13.129,1.60231
13.132,1.60236
13.135,1.60241
13.138,1.60246
13.148,1.60251
13.151,1.60256
13.155,1.60261
13.158,1.60267
13.162,1.60272
13.166,1.60278
13.169,1.60284
13.172,1.6029
13.175,1.60296
13.178,1.60302
13.184,1.60309
13.187,1.60316
13.19,1.60324
13.199,1.60332
13.202,1.6034
13.206,1.60348
13.209,1.60357
13.212,1.60365
13.214,1.60374
13.217,1.60382
13.22,1.6039
13.223,1.60397
13.226,1.60404
13.227,1.60411
13.23,1.60418
13.232,1.60424
13.238,1.60431
13.24,1.60437
13.241,1.60443
13.243,1.60449
13.244,1.60455
13.246,1.60461
13.247,1.60466
13.248,1.60471
13.25,1.60477
13.251,1.60481
13.255,1.60486
13.256,1.60491
13.257,1.60495
13.26,1.60499
13.261,1.60503
13.262,1.60506
13.263,1.6051
13.264,1.60513
13.271,1.60516
13.273,1.60518
13.274,1.60521
13.275,1.60523
13.276,1.60525
13.277,1.60527
13.279,1.60528
13.28,1.60529
13.288,1.60531
13.289,1.60531
13.291,1.60532
13.292,1.60533
13.293,1.60533
13.297,1.60533
13.298,1.60533
13.299,1.60533
13.305,1.60532
13.306,1.60532
13.307,1.60532
13.309,1.60531
13.309,1.6053
13.313,1.60529
13.314,1.60529
13.315,1.60528
13.322,1.60527
13.323,1.60525
13.324,1.60524
13.325,1.60523
13.326,1.60521
13.328,1.6052
13.328,1.60518
13.329,1.60516
13.339,1.60514
13.34,1.60512
13.343,1.6051
13.345,1.60507
13.346,1.60505
13.347,1.60502
13.349,1.60499
13.35,1.60496
13.356,1.60493
13.357,1.60489
13.358,1.60485
13.359,1.60481
13.36,1.60477
13.36,1.60473
13.361,1.60468
13.364,1.60463
13.373,1.60458
13.373,1.60453
13.374,1.60447
13.375,1.60442
13.376,1.60436
13.377,1.6043
13.378,1.60424
13.379,1.60418
13.389,1.60411
13.391,1.60405
13.392,1.60398
13.393,1.60392
13.396,1.60385
13.397,1.60378
13.398,1.60371
13.399,1.60365
13.406,1.60358
13.407,1.60351
13.408,1.60345
13.409,1.60338
13.41,1.60332
13.411,1.60325
13.412,1.60319
13.413,1.60313
13.423,1.60307
13.426,1.60302
13.427,1.60296
13.428,1.60291
13.429,1.60286
13.429,1.60281
13.43,1.60277
13.431,1.60272
13.44,1.60268
13.443,1.60264
13.444,1.6026
13.445,1.60256
13.446,1.60253
13.447,1.60251
13.45,1.60248
13.45,1.60246
13.456,1.60245
13.457,1.60244
13.458,1.60243
13.459,1.60242
13.46,1.60242
13.461,1.60242
13.461,1.60242
13.462,1.60243
13.473,1.60244
13.474,1.60245
13.476,1.60246
13.478,1.60248
13.479,1.6025
13.48,1.60252
13.481,1.60255
13.482,1.60257
13.49,1.6026
13.491,1.60264
13.492,1.60267
13.493,1.60271
13.493,1.60275
13.494,1.6028
13.495,1.60284
13.496,1.6029
13.507,1.60295
13.508,1.60301
13.509,1.60308
13.511,1.60315
13.512,1.60322
13.513,1.6033
13.514,1.60338
13.515,1.60347
13.524,1.60357
13.525,1.60367
13.526,1.60377
13.527,1.60389
13.528,1.604
13.53,1.60413
13.531,1.60426
13.532,1.60439
13.54,1.60453
13.541,1.60467
13.542,1.60482
13.543,1.60497
13.544,1.60513
13.545,1.60529
13.546,1.60546
13.548,1.60564
13.557,1.60582
13.558,1.606
13.561,1.60618
13.562,1.60637
13.563,1.60656
13.564,1.60676
13.565,1.60695
13.566,1.60715
13.574,1.60736
13.575,1.60756
13.576,1.60776
13.577,1.60797
13.578,1.60818
13.579,1.60839
13.58,1.60861
13.583,1.60882
13.591,1.60904
13.592,1.60925
13.593,1.60947
13.594,1.60969
13.595,1.6099
13.596,1.61012
13.597,1.61034
13.597,1.61056
13.607,1.61079
13.608,1.61101
13.61,1.61124
13.611,1.61146
13.614,1.61169
13.615,1.61192
13.616,1.61216
13.616,1.61239
13.624,1.61263
13.625,1.61287
13.627,1.61312
13.629,1.61336
13.63,1.61361
13.632,1.61387
13.633,1.61412
13.635,1.61438
13.641,1.61464
13.643,1.6149
13.645,1.61517
13.646,1.61543
13.647,1.6157
13.647,1.61597
13.648,1.61624
13.65,1.61651
13.657,1.61678
13.658,1.61704
13.659,1.6173
13.66,1.61756
13.661,1.61781
13.662,1.61806
13.665,1.6183
13.666,1.61853
13.674,1.61877
13.675,1.61899
13.676,1.61922
13.677,1.61944
13.678,1.61965
13.679,1.61986
13.68,1.62007
13.68,1.62027
13.691,1.62047
13.692,1.62066
13.693,1.62084
13.695,1.62102
13.697,1.6212
13.698,1.62137
13.699,1.62154
13.7,1.6217
13.708,1.62186
13.709,1.62202
13.71,1.62216
13.71,1.62231
13.711,1.62245
13.712,1.62259
13.713,1.62272
13.714,1.62285
13.724,1.62297
13.726,1.62309
13.727,1.6232
13.728,1.62332
13.729,1.62342
13.73,1.62353
13.731,1.62363
13.732,1.62373
13.741,1.62383
13.742,1.62393
13.743,1.62402
13.744,1.62411
13.746,1.6242
13.749,1.62428
13.75,1.62437
13.751,1.62445
13.758,1.62453
13.759,1.6246
13.76,1.62468
13.761,1.62475
13.762,1.62482
13.763,1.62489
13.763,1.62496
13.764,1.62502
13.775,1.62509
13.776,1.62515
13.779,1.62521
13.78,1.62527
13.781,1.62533
13.781,1.62539
13.782,1.62545
13.783,1.6255
13.791,1.62555
13.793,1.6256
13.794,1.62565
13.795,1.6257
13.796,1.62575
13.797,1.62579
13.799,1.62584
13.801,1.62588
13.808,1.62592
13.809,1.62596
13.811,1.626
13.812,1.62604
13.812,1.62608
13.814,1.62612
13.815,1.62615
13.816,1.62619
13.825,1.62622
13.826,1.62626
13.827,1.62629
13.828,1.62632
13.831,1.62636
13.832,1.62639
13.833,1.62643
13.834,1.62647
13.842,1.62651
13.846,1.62655
13.851,1.62659
13.855,1.62664
13.86,1.62669
13.863,1.62674
13.866,1.62679
13.868,1.62685
13.87,1.62691
13.877,1.62697
13.878,1.62704
13.88,1.62711
13.881,1.62718
13.883,1.62725
13.884,1.62733
13.885,1.62741
13.887,1.62748
13.888,1.62756
13.89,1.62763
13.891,1.62771
13.893,1.62779
13.894,1.62787
13.899,1.62795
13.901,1.62803
13.902,1.62811
13.903,1.62819
13.904,1.62827
13.906,1.62836
13.907,1.62844
13.908,1.62852
13.909,1.6286
13.91,1.62868
13.911,1.62876
13.912,1.62884
13.914,1.62892
13.917,1.629
13.918,1.62908
13.919,1.62915
13.92,1.62923
13.921,1.62931
13.928,1.62938
13.929,1.62946
13.93,1.62953
13.931,1.62961
13.932,1.62968
13.933,1.62976
13.934,1.62983
13.934,1.6299
13.945,1.62998
13.948,1.63005
13.952,1.63013
13.954,1.6302
13.956,1.63028
13.958,1.63035
13.961,1.63043
13.963,1.63051
13.965,1.63059
13.967,1.63067
13.968,1.63076
13.971,1.63084
13.973,1.63093
13.978,1.63102
13.98,1.63111
13.981,1.63121
13.982,1.6313
13.983,1.6314
13.984,1.6315
13.985,1.6316
13.987,1.63171
13.99,1.63181
13.991,1.63192
13.992,1.63203
13.997,1.63214
13.998,1.63225
14.001,1.63236
14.002,1.63247
14.003,1.63258
14.005,1.6327
14.006,1.63281
14.007,1.63292
14.013,1.63303
14.014,1.63314
14.015,1.63325
14.016,1.63336
14.017,1.63347
14.017,1.63358
14.018,1.63369
14.022,1.6338
14.03,1.6339
14.031,1.63401
14.032,1.63411
14.033,1.63422
14.034,1.63432
14.035,1.63443
14.036,1.63453
14.037,1.63464
14.047,1.63474
14.048,1.63484
14.049,1.63495
14.05,1.63505
14.053,1.63516
14.054,1.63526
14.055,1.63537
14.056,1.63548
14.064,1.63559
14.065,1.6357
14.066,1.63582
14.066,1.63593
14.067,1.63605
14.068,1.63618
14.069,1.6363
14.07,1.63643
14.08,1.63656
14.083,1.6367
14.084,1.63684
14.085,1.63698
14.086,1.63712
14.086,1.63727
14.087,1.63741
14.089,1.63756
14.097,1.63771
14.098,1.63786
14.099,1.638
14.1,1.63814
14.101,1.63829
14.102,1.63843
14.104,1.63857
14.105,1.63872
14.114,1.63886
14.115,1.639
14.116,1.63914
14.117,1.63928
14.118,1.63942
14.119,1.63956
14.12,1.6397
14.122,1.63983
14.131,1.63997
14.132,1.6401
14.132,1.64024
14.135,1.64037
14.136,1.6405
14.137,1.64063
14.138,1.64075
14.14,1.64088
14.148,1.64101
14.149,1.64113
14.149,1.64126
14.15,1.64138
14.151,1.64151
14.152,1.64163
14.153,1.64175
14.155,1.64187
14.164,1.64199
14.166,1.64211
14.167,1.64223
14.168,1.64236
14.169,1.64248
14.17,1.6426
14.172,1.64272
14.173,1.64285
14.181,1.64297
14.182,1.6431
14.183,1.64323
14.184,1.64336
14.185,1.6435
14.187,1.64364
14.188,1.64378
14.189,1.64392
14.198,1.64406
14.199,1.64421
14.2,1.64436
14.201,1.64451
14.202,1.64467
14.203,1.64483
14.204,1.64499
14.204,1.64515
14.215,1.64531
14.216,1.64548
14.219,1.64564
14.219,1.64581
14.221,1.64598
14.222,1.64615
14.223,1.64632
14.224,1.64648
14.232,1.64665
14.233,1.64683
14.234,1.647
14.235,1.64717
14.236,1.64734
14.237,1.64751
14.238,1.64768
14.24,1.64785
14.249,1.64802
14.25,1.64819
14.251,1.64836
14.251,1.64853
14.252,1.6487
14.253,1.64887
14.254,1.64904
14.254,1.64922
14.266,1.64939
14.266,1.64956
14.267,1.64973
14.268,1.64991
14.271,1.65009
14.272,1.65026
14.273,1.65044
14.274,1.65062
14.282,1.65081
14.284,1.65099
14.285,1.65118
14.286,1.65137
14.286,1.65157
14.287,1.65177
14.288,1.65197
14.289,1.65218
14.299,1.65239
14.302,1.6526
14.303,1.65282
14.304,1.65304
14.305,1.65326
14.307,1.65348
14.308,1.65371
14.309,1.65393
14.316,1.65415
14.317,1.65437
14.318,1.65458
14.319,1.65479
14.32,1.655
14.321,1.6552
14.325,1.65541
14.326,1.65561
14.333,1.6558
14.334,1.656
14.335,1.65619
14.336,1.65638
14.337,1.65656
14.338,1.65674
14.339,1.65692
14.341,1.6571
14.349,1.65727
14.351,1.65744
14.352,1.6576
14.355,1.65776
14.356,1.65792
14.357,1.65807
14.358,1.65823
14.359,1.65837
14.366,1.65852
14.367,1.65866
14.368,1.6588
14.369,1.65894
14.37,1.65907
14.371,1.65921
14.372,1.65933
14.373,1.65946
14.383,1.65958
14.384,1.6597
14.385,1.65982
14.386,1.65994
14.389,1.66005
14.391,1.66017
14.392,1.66028
14.394,1.66039
14.4,1.6605
14.401,1.66061
14.405,1.66072
14.406,1.66083
14.407,1.66093
14.411,1.66104
14.412,1.66115
14.413,1.66125
14.417,1.66136
14.418,1.66146
14.419,1.66156
14.42,1.66167
14.421,1.66177
14.423,1.66187
14.424,1.66198
14.425,1.66208
14.433,1.66218
14.434,1.66229
14.437,1.66239
14.438,1.66249
14.439,1.66259
14.44,1.66269
14.441,1.66279
14.442,1.66289
14.45,1.66299
14.451,1.66309
14.453,1.66319
14.454,1.66329
14.455,1.66338
14.456,1.66347
14.457,1.66357
14.46,1.66366
14.467,1.66375
14.468,1.66384
14.469,1.66393
14.471,1.66402
14.472,1.6641
14.474,1.66419
14.475,1.66428
14.476,1.66436
14.484,1.66445
14.485,1.66454
14.486,1.66463
14.487,1.66471
14.49,1.6648
14.491,1.66489
14.492,1.66498
14.493,1.66508
14.501,1.66517
14.502,1.66527
14.503,1.66537
14.504,1.66547
14.505,1.66557
14.506,1.66568
14.507,1.66579
14.508,1.6659
14.517,1.66602
14.52,1.66614
14.521,1.66627
14.522,1.66639
14.523,1.66652
14.524,1.66666
14.525,1.66679
14.529,1.66692
14.534,1.66705
14.535,1.66718
14.537,1.66731
14.538,1.66743
14.539,1.66756
14.54,1.66768
14.544,1.66781
14.545,1.66793
14.551,1.66806
14.552,1.66818
14.553,1.6683
14.554,1.66842
14.555,1.66854
14.557,1.66866
14.558,1.66878
14.559,1.6689
14.567,1.66901
14.569,1.66912
14.57,1.66924
14.573,1.66935
14.574,1.66946
14.576,1.66957
14.577,1.66967
14.579,1.66978
14.584,1.66988
14.585,1.66999
14.586,1.67009
14.587,1.67019
14.591,1.67029
14.592,1.67039
14.593,1.67049
14.594,1.67059
14.601,1.67069
14.602,1.67078
14.604,1.67088
14.608,1.67097
14.609,1.67107
14.61,1.67117
14.611,1.67126
14.613,1.67136
14.618,1.67146
14.619,1.67156
14.62,1.67166
14.621,1.67176
14.623,1.67186
14.626,1.67197
14.627,1.67208
14.628,1.67219
14.634,1.6723
14.635,1.67241
14.638,1.67253
14.639,1.67264
14.64,1.67276
14.642,1.67288
14.644,1.673
14.645,1.67313
14.651,1.67325
14.652,1.67338
14.655,1.6735
14.657,1.67363
14.658,1.67376
14.66,1.67388
14.661,1.67401
14.662,1.67413
14.668,1.67426
14.669,1.67439
14.67,1.67451
14.671,1.67463
14.672,1.67476
14.674,1.67488
14.675,1.675
14.678,1.67512
14.685,1.67524
14.686,1.67536
14.687,1.67548
14.688,1.67559
14.69,1.67571
14.691,1.67583
14.692,1.67595
14.693,1.67606
14.701,1.67618
14.702,1.6763
14.704,1.67642
14.705,1.67653
14.708,1.67665
14.709,1.67677
14.71,1.6769
14.711,1.67702
14.718,1.67714
14.719,1.67727
14.721,1.6774
14.722,1.67753
14.723,1.67767
14.724,1.6778
14.725,1.67794
14.726,1.67809
14.735,1.67823
14.739,1.67838
14.741,1.67854
14.742,1.67869
14.743,1.67885
14.744,1.67901
14.745,1.67917
14.747,1.67933
14.752,1.67949
14.753,1.67965
14.754,1.67981
14.755,1.67996
14.757,1.68012
14.758,1.68027
14.761,1.68042
14.762,1.68058
14.768,1.68073
14.77,1.68088
14.771,1.68102
14.773,1.68117
14.774,1.68132
14.775,1.68146
14.776,1.6816
14.777,1.68174
14.785,1.68188
14.786,1.68202
14.787,1.68215
14.79,1.68229
14.791,1.68242
14.793,1.68255
14.795,1.68268
14.796,1.68281
14.802,1.68293
14.803,1.68305
14.804,1.68318
14.807,1.6833
14.808,1.68342
14.809,1.68354
14.81,1.68365
14.811,1.68377
14.819,1.68389
14.82,1.684
14.821,1.68412
14.822,1.68423
14.824,1.68434
14.825,1.68446
14.826,1.68457
14.827,1.68468
14.835,1.6848
14.837,1.68491
14.838,1.68503
14.839,1.68514
14.841,1.68526
14.844,1.68538
14.847,1.6855
14.848,1.68562
14.852,1.68575
14.854,1.68587
14.857,1.686
14.858,1.68613
14.86,1.68626
14.861,1.68639
14.861,1.68652
14.862,1.68666
14.869,1.68679
14.87,1.68693
14.873,1.68707
14.875,1.68721
14.876,1.68735
14.877,1.68748
14.878,1.68762
14.879,1.68776
14.886,1.6879
14.887,1.68804
14.888,1.68818
14.889,1.68832
14.89,1.68846
14.892,1.6886
14.894,1.68873
14.897,1.68887
14.903,1.68901
14.904,1.68914
14.905,1.68928
14.907,1.68941
14.909,1.68955
14.91,1.68968
14.911,1.68982
14.912,1.68995
14.92,1.69009
14.921,1.69023
14.923,1.69036
14.924,1.6905
14.927,1.69064
14.928,1.69078
14.93,1.69093
14.93,1.69107
14.936,1.69122
14.938,1.69137
14.939,1.69152
14.941,1.69167
14.942,1.69183
14.943,1.69199
14.944,1.69216
14.945,1.69233
14.953,1.6925
14.957,1.69267
14.958,1.69285
14.959,1.69304
14.961,1.69322
14.962,1.69341
14.964,1.69359
14.965,1.69378
14.97,1.69397
14.971,1.69415
14.972,1.69433
14.973,1.69451
14.974,1.69469
14.975,1.69486
14.981,1.69503
14.982,1.69521
14.987,1.69537
14.988,1.69554
14.99,1.69571
14.991,1.69587
14.992,1.69603
14.993,1.69619
14.994,1.69635
14.995,1.6965
15.003,1.69665
15.004,1.6968
15.005,1.69694
15.009,1.69709
15.052,1.69723
15.072,1.69737
15.076,1.6975
15.08,1.69764
15.083,1.69777
15.087,1.6979
15.09,1.69803
15.094,1.69815
15.097,1.69827
15.101,1.69839
15.106,1.69851
15.113,1.69863
15.123,1.69875
15.128,1.69886
15.132,1.69897
15.135,1.69908
15.138,1.69919
15.141,1.6993
15.144,1.69941
15.146,1.69952
15.148,1.69963
15.15,1.69973
15.152,1.69984
15.153,1.69995
15.155,1.70006
15.159,1.70016
15.16,1.70027
15.162,1.70038
15.165,1.70049
15.166,1.7006
15.168,1.70071
15.169,1.70082
15.17,1.70093
15.171,1.70104
15.173,1.70115
15.177,1.70126
15.181,1.70138
15.183,1.70149
15.186,1.70161
15.187,1.70166
15.188,1.70178
15.189,1.70189
15.19,1.702
15.191,1.70212
15.198,1.70223
15.199,1.70234
15.2,1.70245
15.201,1.70256
15.202,1.70267
15.204,1.70278
15.205,1.70289
15.208,1.703
15.215,1.7031
15.216,1.70321
15.217,1.70331
15.218,1.70341
15.219,1.70352
15.22,1.70362
15.221,1.70372
15.223,1.70383
15.232,1.70393
15.233,1.70403
15.234,1.70413
15.235,1.70424
15.238,1.70434
15.239,1.70445
15.239,1.70455
15.24,1.70466
15.248,1.70477
15.249,1.70488
15.25,1.70499
15.252,1.70511
15.253,1.70523
15.254,1.70535
15.255,1.70548
15.256,1.7056
15.265,1.70573
15.269,1.70587
15.27,1.70601
15.271,1.70615
15.272,1.70629
15.274,1.70644
15.274,1.70659
15.275,1.70673
15.282,1.70688
15.283,1.70702
15.284,1.70716
15.285,1.7073
15.286,1.70744
15.287,1.70758
15.29,1.70772
15.291,1.70786
15.299,1.70799
15.3,1.70813
15.301,1.70826
15.302,1.7084
15.303,1.70853
15.304,1.70866
15.305,1.70879
15.306,1.70892
15.315,1.70905
15.316,1.70917
15.318,1.7093
15.322,1.70942
15.324,1.70954
15.325,1.70966
15.326,1.70978
15.327,1.70989
15.333,1.71001
15.336,1.71012
15.344,1.71023
15.347,1.71035
15.351,1.71046
15.354,1.71057
15.357,1.71067
15.36,1.71078
15.366,1.71089
15.368,1.71099
15.37,1.7111
15.372,1.7112
15.374,1.7113
15.375,1.71141
15.377,1.71151
15.378,1.71162
15.38,1.71172
15.381,1.71183
15.382,1.71194
15.384,1.71204
15.385,1.71215
15.389,1.71226
15.39,1.71238
15.392,1.71249
15.392,1.71261
15.394,1.71272
15.395,1.71284
15.396,1.71297
15.397,1.71309
15.398,1.71321
15.406,1.71334
15.408,1.71347
15.409,1.71359
15.41,1.71372
15.413,1.71385
15.414,1.71398
15.415,1.71412
15.416,1.71425
15.417,1.71438
15.418,1.71451
15.424,1.71464
15.426,1.71477
15.427,1.7149
15.428,1.71503
15.429,1.71516
15.43,1.71528
15.431,1.71541
15.435,1.71554
15.441,1.71566
15.442,1.71579
15.443,1.71591
15.444,1.71604
15.445,1.71616
15.446,1.71628
15.447,1.71641
15.447,1.71653
15.458,1.71666
15.459,1.71678
15.46,1.71691
15.461,1.71704
15.464,1.71716
15.465,1.71729
15.466,1.71742
15.467,1.71756
15.475,1.71769
15.476,1.71783
15.477,1.71797
15.479,1.71811
15.48,1.71825
15.481,1.7184
15.482,1.71855
15.483,1.7187
15.492,1.71886
15.495,1.71902
15.496,1.71919
15.496,1.71936
15.498,1.71953
15.498,1.7197
15.499,1.71988
15.5,1.72005
15.508,1.72022
15.51,1.72039
15.511,1.72056
15.512,1.72072
15.513,1.72089
15.514,1.72105
15.517,1.72121
15.518,1.72138
15.525,1.72154
15.527,1.72169
15.528,1.72185
15.529,1.72201
15.53,1.72216
15.531,1.72231
15.532,1.72246
15.533,1.72261
15.542,1.72275
15.543,1.72289
15.546,1.72303
15.549,1.72317
15.55,1.72331
15.551,1.72344
15.552,1.72357
15.553,1.7237
15.559,1.72383
15.56,1.72396
15.562,1.72409
15.563,1.72421
15.564,1.72433
15.565,1.72445
15.566,1.72457
15.567,1.72469
15.576,1.7248
15.577,1.72492
15.578,1.72503
15.579,1.72514
15.58,1.72525
15.581,1.72537
15.582,1.72548
15.583,1.72559
15.593,1.7257
15.594,1.72581
15.595,1.72592
15.596,1.72604
15.597,1.72615
15.601,1.72626
15.602,1.72638
15.603,1.72649
15.609,1.72661
15.61,1.72673
15.611,1.72685
15.612,1.72697
15.613,1.72709
15.615,1.72721
15.616,1.72734
15.616,1.72746
15.626,1.72759
15.627,1.72772
15.63,1.72785
15.631,1.72797
15.633,1.7281
15.634,1.72823
15.635,1.72836
15.636,1.72849
15.643,1.72861
15.644,1.72874
15.645,1.72887
15.645,1.72899
15.646,1.72912
15.647,1.72924
15.648,1.72936
15.651,1.72949
15.659,1.72961
15.661,1.72973
15.662,1.72985
15.662,1.72997
15.664,1.73009
15.664,1.73021
15.665,1.73033
15.666,1.73045
15.676,1.73057
15.677,1.73069
15.678,1.73081
15.679,1.73093
15.682,1.73106
15.683,1.73118
15.684,1.73131
15.685,1.73143
15.693,1.73156
15.694,1.73169
15.695,1.73183
15.696,1.73196
15.697,1.7321
15.698,1.73224
15.699,1.73239
15.699,1.73254
15.71,1.73269
15.712,1.73284
15.713,1.733
15.714,1.73316
15.716,1.73333
15.717,1.73349
15.718,1.73366
15.719,1.73382
15.726,1.73399
15.727,1.73415
15.728,1.73431
15.729,1.73447
15.731,1.73462
15.732,1.73478
15.735,1.73493
15.737,1.73509
15.743,1.73524
15.744,1.73539
15.746,1.73554
15.748,1.73569
15.749,1.73583
15.75,1.73598
15.751,1.73612
15.752,1.73626
15.76,1.73639
15.761,1.73653
15.762,1.73666
15.765,1.73679
15.766,1.73692
15.767,1.73705
15.768,1.73718
15.769,1.7373
15.777,1.73742
15.778,1.73754
15.779,1.73766
15.78,1.73778
15.781,1.73789
15.782,1.738
15.783,1.73812
15.784,1.73823
15.793,1.73833
15.794,1.73844
15.796,1.73855
15.797,1.73866
15.798,1.73876
15.799,1.73887
15.8,1.73897
15.802,1.73908
15.81,1.73918
15.812,1.73929
15.813,1.73939
15.813,1.7395
15.814,1.7396
15.817,1.73971
15.818,1.73982
15.819,1.73993
15.827,1.74004
15.828,1.74014
15.829,1.74025
15.83,1.74036
15.832,1.74046
15.833,1.74057
15.834,1.74067
15.835,1.74078
15.844,1.74088
15.845,1.74098
15.848,1.74108
15.849,1.74118
15.85,1.74128
15.851,1.74138
15.853,1.74148
15.854,1.74157
15.861,1.74167
15.862,1.74176
15.863,1.74185
15.864,1.74195
15.865,1.74204
15.867,1.74212
15.868,1.74221
15.871,1.7423
15.877,1.74239
15.879,1.74247
15.88,1.74256
15.88,1.74264
15.881,1.74273
15.882,1.74281
15.883,1.7429
15.885,1.74298
15.894,1.74307
15.895,1.74315
15.896,1.74324
15.897,1.74333
15.9,1.74341
15.901,1.7435
15.902,1.74359
15.903,1.74368
15.911,1.74377
15.912,1.74386
15.914,1.74396
15.915,1.74405
15.916,1.74415
15.916,1.74425
15.917,1.74435

