0,0.294296
0.002,0.294252
0.003,0.294167
0.004,0.29404
0.005,0.293871
0.006,0.293659
0.006,0.293403
0.016,0.293103
0.017,0.292771
0.017,0.292411
0.018,0.292015
0.02,0.291585
0.021,0.29112
0.025,0.290635
0.026,0.290172
0.032,0.289725
0.033,0.289305
0.034,0.288905
0.035,0.288528
0.036,0.288173
0.037,0.28784
0.037,0.287529
0.038,0.287241
0.049,0.286969
0.05,0.286723
0.051,0.286501
0.054,0.286299
0.055,0.286113
0.056,0.285943
0.057,0.28579
0.058,0.285653
0.066,0.285531
0.067,0.285426
0.068,0.285336
0.069,0.285261
0.07,0.285202
0.07,0.285159
0.071,0.28513
0.072,0.285114
0.083,0.285111
0.084,0.285116
0.085,0.285129
0.086,0.285149
0.087,0.285179
0.088,0.285216
0.089,0.285262
0.09,0.285315
0.1,0.285377
0.101,0.285447
0.102,0.285528
0.103,0.285618
0.104,0.285719
0.112,0.285831
0.113,0.285951
0.114,0.286079
0.116,0.286216
0.117,0.286362
0.118,0.286515
0.119,0.286677
0.12,0.286847
0.121,0.287024
0.122,0.287208
0.123,0.287396
0.133,0.287594
0.134,0.287798
0.138,0.288006
0.141,0.288213
0.142,0.288419
0.143,0.288624
0.144,0.28883
0.145,0.289034
0.151,0.289239
0.152,0.289442
0.153,0.289644
0.155,0.289844
0.157,0.290043
0.158,0.290239
0.164,0.290433
0.168,0.290624
0.169,0.29081
0.17,0.290992
0.171,0.291169
0.172,0.291341
0.173,0.291507
0.174,0.291668
0.175,0.291823
0.176,0.291971
0.185,0.292113
0.193,0.292248
0.195,0.292376
0.197,0.292496
0.2,0.29261
0.202,0.292716
0.203,0.292816
0.203,0.29291
0.204,0.292996
0.205,0.293074
0.206,0.293145
0.207,0.293208
0.208,0.293264
0.209,0.293312
0.21,0.293353
0.211,0.293386
0.219,0.29341
0.223,0.293421
0.224,0.29339
0.226,0.293325
0.227,0.29324
0.228,0.293125
0.229,0.292976
0.23,0.292833
0.236,0.29267
0.237,0.292541
0.238,0.29241
0.239,0.29228
0.24,0.29215
0.243,0.292022
0.246,0.291897
0.247,0.291778
0.252,0.291667
0.253,0.291564
0.254,0.291467
0.255,0.291379
0.256,0.291298
0.257,0.291225
0.257,0.29116
0.258,0.291104
0.269,0.291055
0.27,0.291014
0.271,0.29098
0.274,0.290954
0.275,0.290933
0.276,0.290917
0.277,0.290906
0.278,0.290899
0.286,0.290895
0.288,0.290894
0.289,0.290897
0.29,0.290904
0.291,0.290914
0.292,0.290926
0.293,0.29094
0.294,0.290958
0.302,0.290977
0.304,0.290998
0.304,0.29102
0.305,0.291045
0.306,0.291071
0.307,0.291099
0.308,0.29113
0.31,0.291164
0.325,0.291202
0.329,0.291244
0.33,0.29129
0.331,0.291342
0.332,0.2914
0.336,0.291464
0.337,0.291534
0.338,0.29161
0.339,0.291692
0.34,0.29178
0.341,0.291874
0.342,0.291973
0.348,0.292078
0.349,0.292188
0.35,0.292304
0.352,0.292424
0.353,0.292547
0.354,0.292674
0.358,0.292804
0.359,0.292934
0.36,0.293063
0.361,0.293192
0.362,0.293319
0.363,0.293446
0.373,0.29357
0.374,0.293693
0.375,0.293814
0.376,0.293932
0.377,0.294048
0.379,0.294162
0.38,0.294272
0.384,0.294378
0.39,0.294481
0.391,0.294579
0.392,0.294673
0.393,0.294762
0.394,0.294846
0.395,0.294924
0.397,0.294997
0.398,0.295064
0.409,0.295125
0.41,0.295179
0.411,0.295226
0.412,0.295267
0.416,0.295301
0.418,0.29533
0.419,0.295355
0.42,0.295375
0.426,0.295391
0.427,0.295402
0.428,0.295409
0.43,0.295412
0.431,0.29541
0.432,0.295404
0.433,0.295393
0.434,0.295379
0.443,0.295362
0.446,0.295332
0.447,0.295262
0.448,0.295159
0.449,0.295032
0.45,0.294876
0.451,0.294714
0.452,0.294532
0.459,0.294331
0.461,0.294111
0.462,0.293936
0.463,0.293758
0.464,0.293581
0.465,0.293404
0.477,0.29323
0.479,0.293064
0.48,0.292906
0.481,0.292755
0.482,0.292613
0.483,0.292479
0.484,0.292353
0.485,0.292237
0.486,0.292129
0.487,0.29203
0.494,0.29194
0.495,0.29186
0.496,0.291789
0.5,0.291727
0.501,0.291673
0.502,0.291625
0.503,0.291584
0.504,0.291552
0.513,0.291526
0.514,0.291509
0.515,0.2915
0.517,0.291499
0.518,0.291505
0.519,0.291517
0.52,0.291534
0.522,0.291556
0.534,0.291584
0.536,0.291614
0.537,0.291649
0.544,0.291687
0.546,0.291731
0.548,0.29178
0.55,0.291834
0.552,0.291896
0.554,0.291964
0.556,0.29204
0.559,0.292124
0.561,0.292218
0.564,0.29232
0.568,0.292431
0.57,0.292549
0.572,0.292673
0.573,0.292801
0.575,0.292933
0.577,0.293069
0.579,0.293209
0.581,0.293353
0.584,0.2935
0.585,0.293649
0.588,0.2938
0.589,0.293953
0.591,0.294107
0.595,0.29426
0.597,0.294411
0.599,0.294558
0.6,0.294702
0.602,0.294841
0.604,0.294976
0.606,0.295106
0.608,0.29523
0.61,0.295349
0.611,0.295462
0.614,0.295568
0.615,0.295668
0.616,0.29576
0.621,0.295847
0.624,0.295927
0.625,0.296001
0.627,0.296068
0.629,0.296129
0.631,0.296183
0.633,0.29623
0.635,0.29627
0.636,0.296303
0.64,0.296328
0.642,0.296346
0.644,0.296356
0.645,0.296361
0.649,0.29636
0.651,0.296357
0.652,0.296351
0.654,0.296343
0.657,0.296332
0.658,0.296318
0.66,0.296301
0.662,0.296282
0.664,0.296259
0.666,0.296233
0.668,0.296203
0.669,0.296169
0.674,0.296131
0.686,0.296081
0.687,0.295991
0.688,0.295868
0.689,0.295723
0.691,0.295547
0.697,0.295336
0.698,0.295128
0.7,0.294899
0.701,0.294681
0.703,0.294485
0.704,0.294291
0.706,0.294097
0.708,0.293905
0.713,0.293715
0.716,0.293534
0.718,0.29336
0.72,0.293196
0.722,0.293039
0.725,0.292892
0.726,0.292753
0.728,0.292623
0.73,0.292503
0.733,0.292392
0.735,0.29229
0.737,0.292199
0.739,0.292116
0.743,0.292043
0.745,0.291978
0.747,0.291919
0.75,0.291868
0.752,0.291824
0.754,0.291787
0.756,0.291758
0.758,0.291735
0.759,0.291718
0.761,0.291709
0.763,0.291707
0.765,0.291712
0.768,0.291724
0.773,0.291742
0.775,0.291764
0.776,0.29179
0.786,0.291821
0.787,0.291856
0.788,0.291897
0.789,0.291944
0.79,0.291997
0.791,0.292058
0.793,0.292127
0.794,0.292204
0.795,0.292291
0.798,0.292386
0.802,0.292491
0.806,0.292603
0.807,0.29272
0.809,0.292843
0.81,0.29297
0.812,0.293101
0.814,0.293236
0.816,0.293375
0.817,0.293517
0.819,0.293661
0.82,0.293808
0.823,0.293957
0.823,0.294106
0.827,0.294256
0.828,0.294403
0.829,0.294547
0.83,0.294688
0.831,0.294824
0.832,0.294957
0.839,0.295084
0.84,0.295207
0.841,0.295324
0.842,0.295436
0.843,0.295541
0.844,0.29564
0.845,0.295733
0.848,0.29582
0.856,0.2959
0.857,0.295975
0.858,0.296043
0.859,0.296106
0.86,0.296161
0.861,0.29621
0.862,0.296252
0.863,0.296285
0.873,0.296312
0.874,0.296332
0.874,0.296344
0.875,0.296349
0.878,0.296348
0.879,0.296347
0.88,0.296343
0.881,0.296337
0.889,0.296329
0.89,0.296319
0.891,0.296306
0.892,0.29629
0.893,0.296271
0.894,0.296248
0.895,0.296223
0.896,0.296193
0.906,0.29616
0.91,0.296114
0.911,0.296028
0.912,0.295909
0.913,0.295768
0.913,0.295598
0.914,0.295391
0.915,0.295162
0.923,0.294924
0.924,0.294735
0.925,0.294544
0.926,0.294354
0.927,0.294165
0.928,0.293976
0.931,0.293791
0.932,0.293614
0.94,0.293444
0.941,0.293283
0.942,0.29313
0.943,0.292986
0.944,0.29285
0.944,0.292724
0.945,0.292606
0.946,0.292498
0.956,0.292398
0.958,0.292309
0.959,0.292228
0.962,0.292157
0.963,0.292093
0.964,0.292036
0.968,0.291986
0.969,0.291943
0.973,0.291908
0.974,0.291879
0.975,0.291857
0.976,0.291841
0.977,0.291834
0.978,0.291833
0.979,0.291839
0.979,0.291851
0.99,0.291867
0.991,0.291887
0.992,0.29191
0.993,0.291938
0.994,0.29197
0.995,0.292007
0.996,0.29205
0.997,0.292099
1.007,0.292156
1.01,0.29222
1.014,0.292292
1.017,0.292373
1.019,0.292463
1.033,0.292563
1.035,0.292669
1.037,0.292781
1.038,0.292899
1.039,0.29302
1.041,0.293146
1.042,0.293275
1.044,0.293409
1.045,0.293545
1.046,0.293685
1.047,0.293827
1.05,0.293971
1.051,0.294116
1.054,0.294261
1.055,0.294404
1.057,0.294544
1.061,0.29468
1.062,0.294813
1.064,0.294942
1.066,0.295066
1.067,0.295186
1.068,0.2953
1.068,0.295409
1.069,0.29551
1.07,0.295606
1.07,0.295697
1.073,0.29578
1.083,0.295859
1.084,0.295931
1.085,0.295997
1.085,0.296057
1.086,0.29611
1.087,0.296157
1.088,0.296197
1.089,0.296229
1.1,0.296255
1.101,0.296273
1.101,0.296284
1.102,0.296288
1.106,0.296287
1.107,0.296282
1.108,0.296275
1.109,0.296266
1.117,0.296254
1.118,0.29624
1.119,0.296223
1.12,0.296204
1.121,0.296181
1.122,0.296155
1.124,0.296126
1.125,0.296092
1.133,0.296055
1.136,0.296005
1.137,0.295916
1.138,0.295793
1.504,0.295649
1.505,0.295474
1.506,0.295294
1.507,0.295093
1.508,0.294873
1.509,0.294633
1.51,0.294442
1.513,0.29425
1.514,0.294058
1.515,0.293868
1.518,0.29368
1.52,0.293501
1.521,0.293329
1.522,0.293166
1.524,0.293012
1.525,0.292866
1.527,0.292729
1.528,0.292601
1.529,0.292483
1.531,0.292373
1.538,0.292274
1.539,0.292183
1.54,0.292103
1.543,0.292032
1.544,0.291968
1.545,0.291911
1.545,0.291862
1.546,0.29182
1.554,0.291787
1.556,0.291761
1.558,0.291743
1.559,0.291733
1.56,0.29173
1.561,0.291732
1.562,0.291741
1.563,0.291754
1.571,0.291773
1.572,0.291795
1.575,0.29182
1.576,0.29185
1.578,0.291885
1.579,0.291925
1.58,0.291972
1.582,0.292024
1.588,0.292084
1.589,0.292152
1.59,0.292228
1.595,0.292312
1.596,0.292407
1.6,0.29251
1.601,0.292621
1.602,0.292737
1.605,0.292858
2.042,0.292983
2.043,0.293113
2.044,0.293246
2.046,0.293383
2.047,0.293523
2.048,0.293666
2.049,0.293811
2.051,0.293958
2.052,0.294106
2.056,0.294254
2.058,0.294399
2.059,0.294541
2.06,0.29468
2.062,0.294815
2.063,0.294946
2.064,0.295072
2.065,0.295193
2.067,0.295309
2.068,0.295419
2.069,0.295523
2.07,0.295621
2.071,0.295713
2.075,0.295798
2.076,0.295878
2.078,0.295951
2.079,0.296018
2.08,0.296079
2.082,0.296134
2.083,0.296181
2.084,0.296222
2.085,0.296256
2.096,0.296282
2.099,0.296301
2.101,0.296313
2.103,0.296317
2.112,0.296316
2.115,0.296312
2.118,0.296305
2.12,0.296296
2.122,0.296284
2.129,0.296269
2.131,0.296252
2.389,0.296232
2.39,0.296209
2.391,0.296183
2.392,0.296153
2.394,0.296119
2.395,0.296082
2.399,0.296032
2.401,0.295943
2.402,0.295821
2.403,0.295676
2.404,0.295503
2.405,0.295293
2.407,0.295083
2.408,0.294852
2.409,0.294633
2.41,0.294439
2.411,0.294246
2.412,0.294053
2.413,0.293862
2.417,0.293674
2.419,0.293495
2.422,0.293323
2.424,0.29316
2.427,0.293005
2.429,0.29286
2.431,0.292723
2.432,0.292595
2.433,0.292476
2.434,0.292367
2.439,0.292268
2.44,0.292178
2.441,0.292097
2.445,0.292026
2.446,0.291963
2.447,0.291906
2.448,0.291857
2.449,0.291815
2.455,0.29178
2.457,0.291753
2.458,0.291734
2.46,0.291722
2.899,0.291716
2.904,0.291716
2.908,0.291723
2.912,0.291736
2.927,0.291754
2.934,0.291776
2.937,0.291801
2.94,0.29183
2.941,0.291865
2.943,0.291905
2.946,0.29195
2.949,0.292003
2.95,0.292062
2.951,0.292129
2.952,0.292205
2.953,0.292289
2.954,0.292383
2.958,0.292486
2.959,0.292596
2.96,0.292712
2.963,0.292833
2.964,0.292957
2.966,0.293086
2.967,0.293219
2.968,0.293356
2.968,0.293496
2.969,0.293638
2.97,0.293783
2.98,0.29393
2.981,0.294078
2.984,0.294226
2.985,0.294372
2.985,0.294514
2.986,0.294653
2.987,0.294789
3.078,0.29492
3.08,0.295046
3.081,0.295168
3.082,0.295284
3.082,0.295395
3.083,0.2955
3.084,0.295598
3.085,0.295691
3.088,0.295777
3.095,0.295857
3.096,0.295932
3.097,0.296
3.098,0.296062
3.099,0.296118
3.1,0.296167
3.101,0.296209
3.102,0.296244
3.112,0.296272
3.113,0.296292
3.115,0.296305
3.116,0.296311
3.119,0.296311
3.12,0.296309
3.121,0.296304
3.122,0.296297
3.129,0.296288
3.133,0.296276
3.136,0.296262
3.141,0.296245
3.144,0.296225
3.148,0.296202
3.151,0.296175
3.154,0.296145
3.157,0.29611
3.167,0.296064
3.17,0.295978
3.173,0.295858
3.177,0.295717
3.18,0.295546
3.183,0.295339
3.186,0.29513
3.189,0.294898
3.195,0.294679
3.198,0.294487
3.2,0.294296
3.202,0.294105
3.203,0.293916
3.208,0.29373
3.21,0.293551
3.211,0.293381
3.212,0.293219
3.214,0.293066
3.215,0.292921
3.216,0.292786
3.218,0.292659
3.219,0.292541
3.22,0.292432
3.221,0.292333
3.222,0.292244
3.224,0.292164
3.227,0.292093
3.228,0.29203
3.229,0.291973
3.23,0.291924
3.231,0.291883
3.237,0.291848
3.238,0.291821
3.238,0.291801
3.239,0.291787
3.241,0.291781
3.244,0.291783
3.245,0.29179
3.245,0.291803
3.253,0.291821
3.254,0.291842
3.255,0.291866
3.256,0.291895
3.258,0.291929
3.26,0.291968
3.262,0.292012
3.263,0.292063
3.27,0.292121
3.271,0.292187
3.272,0.292261
3.273,0.292344
3.276,0.292436
3.28,0.292537
3.281,0.292645
3.282,0.29276
3.287,0.292879
3.288,0.293002
3.288,0.293129
3.289,0.29326
3.29,0.293395
3.291,0.293533
3.293,0.293674
3.295,0.293817
3.304,0.293962
3.304,0.294108
3.307,0.294254
3.308,0.294398
3.308,0.294538
3.31,0.294676
3.311,0.29481
3.312,0.294939
3.32,0.295064
3.321,0.295184
3.322,0.295299
3.323,0.295408
3.324,0.295512
3.325,0.295609
3.326,0.295701
3.329,0.295785
3.337,0.295865
3.338,0.295938
3.339,0.296005
3.34,0.296066
3.341,0.29612
3.343,0.296168
3.344,0.296209
3.345,0.296243
3.354,0.296269
3.355,0.296289
3.356,0.296301
3.356,0.296305
3.359,0.296304
3.36,0.296301
3.361,0.296294
3.362,0.296286
3.371,0.296274
3.372,0.296261
3.373,0.296245
3.374,0.296226
3.375,0.296205
3.376,0.29618
3.377,0.296151
3.379,0.296119
3.388,0.296083
3.39,0.296034
3.391,0.295946
3.392,0.295825
3.393,0.295682
3.395,0.295509
3.396,0.295315
3.397,0.295111
3.405,0.294887
3.406,0.294674
3.406,0.294486
3.407,0.294299
3.408,0.294112
3.41,0.293927
3.413,0.293745
3.414,0.29357
3.421,0.293403
3.422,0.293245
3.423,0.293095
3.424,0.292953
3.425,0.29282
3.429,0.292696
3.43,0.292581
3.431,0.292475
3.438,0.292378
3.439,0.29229
3.44,0.292212
3.444,0.292143
3.445,0.292081
3.447,0.292026
3.448,0.291979
3.449,0.291939
3.455,0.291906
3.456,0.291881
3.457,0.291863
3.458,0.291853
3.459,0.291849
3.46,0.291853
3.461,0.291861
3.461,0.291875
3.472,0.291895
3.473,0.291917
3.474,0.291943
3.478,0.291973
3.479,0.292008
3.48,0.292048
3.481,0.292094
3.482,0.292146
3.488,0.292205
3.489,0.292272
3.491,0.292347
3.491,0.292431
3.492,0.292524
3.496,0.292626
3.498,0.292736
3.499,0.292851
3.505,0.29297
3.509,0.293093
3.512,0.293221
3.516,0.293352
3.52,0.293487
3.525,0.293626
3.528,0.293767
3.532,0.29391
3.535,0.294055
3.54,0.294202
3.551,0.294348
3.553,0.294491
3.558,0.294632
3.561,0.294769
3.565,0.294903
3.568,0.295032
3.571,0.295157
3.574,0.295276
3.576,0.295391
3.578,0.2955
3.581,0.295602
3.582,0.295699
3.584,0.29579
3.587,0.295874
3.588,0.295952
3.59,0.296024
3.591,0.296091
3.592,0.296151
3.593,0.296204
3.594,0.296251
3.596,0.296291
3.597,0.296324
3.604,0.29635
3.605,0.296368
3.606,0.29638
3.608,0.296383
3.611,0.296383
3.612,0.296379
3.613,0.296373
3.614,0.296364
3.621,0.296352
3.624,0.296339
3.631,0.296323
3.634,0.296304
3.637,0.296282
3.639,0.296257
3.642,0.296228
3.644,0.296196
3.645,0.29616
3.651,0.296111
3.652,0.296023
3.654,0.295901
3.655,0.295757
3.657,0.295584
3.658,0.295375
3.659,0.295165
3.66,0.294933
3.661,0.294713
3.664,0.294519
3.665,0.294326
3.668,0.294133
3.668,0.293942
3.671,0.293754
3.672,0.293574
3.673,0.293402
3.677,0.293239
3.678,0.293084
3.679,0.292937
3.68,0.2928
3.681,0.292672
3.682,0.292552
3.683,0.292443
3.69,0.292342
3.691,0.292251
3.692,0.29217
3.696,0.292097
3.697,0.292023
3.698,0.29195
3.698,0.291876
3.699,0.291802
3.707,0.291729
3.708,0.291656
3.709,0.291585
3.71,0.291516
3.711,0.291449
3.713,0.291386
3.714,0.291326
3.716,0.291271
3.724,0.29122
3.725,0.291175
3.726,0.291135
3.727,0.291103
3.728,0.291077
3.732,0.29106
3.733,0.291052
3.734,0.291055
3.741,0.291069
3.742,0.291094
3.743,0.291133
3.744,0.291186
3.745,0.291253
3.748,0.291334
3.75,0.291427
3.751,0.291531
3.757,0.291648
3.758,0.291775
3.759,0.291911
3.76,0.292057
3.761,0.292212
3.762,0.292375
3.762,0.292546
3.763,0.292723
3.774,0.292906
3.775,0.29309
3.779,0.293275
3.78,0.293459
3.781,0.29364
3.782,0.293817
3.783,0.293991
3.785,0.294161
3.793,0.294328
3.794,0.29449
3.795,0.294647
3.796,0.294798
3.797,0.294944
3.798,0.295084
3.799,0.295219
3.802,0.295348
3.81,0.295472
3.811,0.295589
3.812,0.295703
3.813,0.295811
3.814,0.295914
3.814,0.29601
3.815,0.296101
3.816,0.296186
3.827,0.296266
3.828,0.29634
3.828,0.296408
3.829,0.296471
3.832,0.296528
3.833,0.296653
3.834,0.296852
3.835,0.297054
3.844,0.297255
3.845,0.297455
3.846,0.297653
3.847,0.297841
3.848,0.298027
3.848,0.298208
3.849,0.298385
3.85,0.298559
3.86,0.298727
3.863,0.29888
3.864,0.298992
3.865,0.299069
3.866,0.299128
3.867,0.299158
3.868,0.299152
3.869,0.299106
3.877,0.299016
3.878,0.298882
3.879,0.298704
3.88,0.298516
3.881,0.298301
3.882,0.29806
3.884,0.297797
3.886,0.29757
3.894,0.297393
3.895,0.297229
3.896,0.297076
3.897,0.296936
3.898,0.296808
3.899,0.296692
3.899,0.29659
3.9,0.296499
3.911,0.296419
3.913,0.296353
3.914,0.296299
3.917,0.296258
3.918,0.296225
3.919,0.296201
3.92,0.296187
3.921,0.296181
3.928,0.296186
3.929,0.2962
3.93,0.296225
3.931,0.29626
3.932,0.296306
3.933,0.296364
3.934,0.296433
3.935,0.29651
3.944,0.296601
3.945,0.2967
3.946,0.296809
3.948,0.296929
3.949,0.297061
3.949,0.297204
3.951,0.29736
3.952,0.297528
3.961,0.297711
3.962,0.297907
3.963,0.298119
3.965,0.298346
3.966,0.29859
3.969,0.298849
3.97,0.299116
3.971,0.299396
3.978,0.299685
3.979,0.299982
3.98,0.300285
3.982,0.300596
3.983,0.300912
3.983,0.301234
3.984,0.30156
3.985,0.301884
3.995,0.302214
3.999,0.302544
4.008,0.302874
4.01,0.303199
4.013,0.303518
4.016,0.303832
4.018,0.304139
4.019,0.304439
4.021,0.304727
4.023,0.305009
4.024,0.305283
4.026,0.305548
4.027,0.305804
4.029,0.306052
4.03,0.30629
4.035,0.306515
4.036,0.306736
4.037,0.306948
4.039,0.307153
4.04,0.307351
4.041,0.307538
4.042,0.307719
4.043,0.307888
4.045,0.308051
4.047,0.308206
4.048,0.308352
4.049,0.308491
4.051,0.308622
4.054,0.308745
4.055,0.308864
4.056,0.308974
4.058,0.30908
4.063,0.309182
4.065,0.309278
4.066,0.309488
4.067,0.309813
4.067,0.31011
4.068,0.310394
4.069,0.310671
4.07,0.31094
4.08,0.311202
4.084,0.311447
4.084,0.311648
4.085,0.311812
4.086,0.311953
4.088,0.312062
4.089,0.312133
4.089,0.312162
4.097,0.312147
4.098,0.312086
4.099,0.311981
4.1,0.31183
4.1,0.311633
4.101,0.311434
4.104,0.311254
4.105,0.311067
4.114,0.310905
4.115,0.310782
4.116,0.310675
4.117,0.310582
4.118,0.310504
4.118,0.310441
4.119,0.310393
4.12,0.310359
4.131,0.31034
4.132,0.310336
4.132,0.310346
4.135,0.310371
4.136,0.310398
4.137,0.310438
4.138,0.310486
4.138,0.310545
4.147,0.310612
4.148,0.310688
4.149,0.310774
4.15,0.310868
4.151,0.310973
4.151,0.311088
4.152,0.311208
4.153,0.311341
4.164,0.311486
4.165,0.31164
4.166,0.311803
4.167,0.311978
4.168,0.312163
4.169,0.312361
4.17,0.312572
4.171,0.312792
4.181,0.313027
4.182,0.313277
4.183,0.31354
4.184,0.313817
4.185,0.314109
4.188,0.314414
4.189,0.314728
4.19,0.315042
4.198,0.315366
4.199,0.315689
4.2,0.316021
4.201,0.316354
4.201,0.31669
4.202,0.317022
4.203,0.317356
4.203,0.31769
4.214,0.318021
4.215,0.318345
4.218,0.318666
4.219,0.31898
4.22,0.319287
4.221,0.319582
4.222,0.319869
4.223,0.320147
4.231,0.320411
4.232,0.320668
4.234,0.320915
4.234,0.321153
4.235,0.321376
4.236,0.321593
4.237,0.3218
4.24,0.321996
4.248,0.322185
4.249,0.322369
4.25,0.322547
4.251,0.32272
4.252,0.322881
4.253,0.323038
4.254,0.323189
4.255,0.323334
4.265,0.323468
4.269,0.323598
4.274,0.323723
4.279,0.323886
4.29,0.324039
4.292,0.324195
4.295,0.32435
4.297,0.324505
4.298,0.324659
4.3,0.324803
4.302,0.324937
4.304,0.325054
4.305,0.325157
4.307,0.325231
4.308,0.325293
4.309,0.325359
4.311,0.325429
4.315,0.325493
4.316,0.32553
4.317,0.325543
4.319,0.325536
4.32,0.325507
4.321,0.325455
4.322,0.325379
4.324,0.325278
4.325,0.325153
4.326,0.325004
4.327,0.324831
4.328,0.324633
4.329,0.324411
4.332,0.324168
4.333,0.323911
4.34,0.323722
4.342,0.323538
4.344,0.323363
4.345,0.323198
4.346,0.323044
4.347,0.322899
4.348,0.322765
4.348,0.322638
4.357,0.322522
4.358,0.322415
4.359,0.322319
4.363,0.322231
4.364,0.322151
4.365,0.322078
4.366,0.322013
4.366,0.321957
4.374,0.321908
4.375,0.321869
4.376,0.321838
4.377,0.321817
4.378,0.321807
4.379,0.321806
4.38,0.321817
4.382,0.321839
4.39,0.321873
4.391,0.321918
4.393,0.321973
4.394,0.32204
4.395,0.32212
4.396,0.322214
4.397,0.322322
4.397,0.322445
4.407,0.322582
4.408,0.322734
4.409,0.322901
4.411,0.323085
4.411,0.323285
4.415,0.323501
4.416,0.323727
4.417,0.323961
4.424,0.324197
4.425,0.324444
4.426,0.324694
4.427,0.324949
4.427,0.325207
4.428,0.325467
4.429,0.325728
4.43,0.325989
4.441,0.32625
4.442,0.32651
4.445,0.326767
4.446,0.327018
4.447,0.327263
4.448,0.327502
4.449,0.327733
4.45,0.327956
4.457,0.328172
4.458,0.32838
4.459,0.328581
4.46,0.328775
4.461,0.328961
4.462,0.329139
4.463,0.32931
4.466,0.329473
4.474,0.329629
4.476,0.32978
4.477,0.329925
4.479,0.330064
4.479,0.330197
4.48,0.330324
4.481,0.330445
4.482,0.33056
4.491,0.330716
4.492,0.330872
4.493,0.331027
4.494,0.331182
4.497,0.331335
4.498,0.331486
4.499,0.331635
4.5,0.331782
4.507,0.331926
4.509,0.332068
4.511,0.332206
4.512,0.332341
4.514,0.332471
4.515,0.332596
4.516,0.332714
4.516,0.332826
4.524,0.33293
4.528,0.33302
4.529,0.333069
4.53,0.333083
4.531,0.33308
4.532,0.333056
4.533,0.333009
4.534,0.33294
4.541,0.332848
4.543,0.332732
4.544,0.332593
4.545,0.33243
4.546,0.332244
4.547,0.332035
4.55,0.331847
4.55,0.331702
4.559,0.331567
4.56,0.331443
4.561,0.33133
4.563,0.331228
4.564,0.331137
4.566,0.331057
4.566,0.330988
4.567,0.330931
4.574,0.330885
4.575,0.330851
4.576,0.330827
4.58,0.33081
4.581,0.330801
4.582,0.330798
4.583,0.330803
4.584,0.330815
4.591,0.330834
4.592,0.330862
4.593,0.330898
4.594,0.330943
4.595,0.330997
4.596,0.331061
4.597,0.331135
4.598,0.33122
4.608,0.331316
4.609,0.331421
4.611,0.331535
4.612,0.33166
4.612,0.331795
4.613,0.331943
4.615,0.332103
4.616,0.332277
4.625,0.332465
4.626,0.332667
4.627,0.332885
4.628,0.333117
4.629,0.333364
4.631,0.333626
4.632,0.333897
4.633,0.334178
4.641,0.334467
4.643,0.334766
4.644,0.335067
4.644,0.335379
4.645,0.335696
4.646,0.336017
4.647,0.336341
4.648,0.336666
4.658,0.336991
4.659,0.337316
4.662,0.337638
4.663,0.337955
4.664,0.338264
4.665,0.338566
4.666,0.338859
4.667,0.339145
4.675,0.339421
4.677,0.339688
4.678,0.339945
4.678,0.340193
4.68,0.340431
4.68,0.340658
4.681,0.340876
4.684,0.341083
4.692,0.34128
4.693,0.341469
4.694,0.34165
4.695,0.341823
4.696,0.341988
4.697,0.342144
4.699,0.342292
4.703,0.342431
4.709,0.342562
4.709,0.342684
4.711,0.342797
4.711,0.342902
4.714,0.342998
4.715,0.343089
4.716,0.343174
4.716,0.343306
4.725,0.343489
4.726,0.343672
4.727,0.343853
4.728,0.344029
4.729,0.344201
4.73,0.344367
4.731,0.344527
4.732,0.344681
4.742,0.344829
4.745,0.34496
4.746,0.345048
4.747,0.345101
4.748,0.345134
4.748,0.345137
4.749,0.345103
4.75,0.345057
4.759,0.344989
4.76,0.3449
4.76,0.344791
4.761,0.344661
4.762,0.344511
4.763,0.344341
4.765,0.344153
4.766,0.343955
4.776,0.343743
4.776,0.343518
4.778,0.343363
4.779,0.343214
4.78,0.343077
4.781,0.34295
4.782,0.342834
4.783,0.342729
4.792,0.342635
4.793,0.342553
4.795,0.342483
4.798,0.342424
4.799,0.342375
4.8,0.342338
4.8,0.342311
4.802,0.342297
4.809,0.342293
4.81,0.342299
4.811,0.342317
4.812,0.342347
4.813,0.342389
4.814,0.342443
4.815,0.34251
4.816,0.342586
4.826,0.342678
4.827,0.34278
4.828,0.342894
4.829,0.343019
4.83,0.343157
4.831,0.343308
4.831,0.343474
4.832,0.343654
4.842,0.34385
4.844,0.344061
4.845,0.344405
4.845,0.344653
4.846,0.344915
4.849,0.345191
4.85,0.345476
4.851,0.345771
4.859,0.346072
4.86,0.346379
4.861,0.346691
4.863,0.347008
4.863,0.34733
4.865,0.347654
4.866,0.34798
4.867,0.348307
4.876,0.34863
4.877,0.348956
4.881,0.349281
4.882,0.349599
4.882,0.349911
4.883,0.350217
4.884,0.350516
4.885,0.350808
4.893,0.351092
4.895,0.351367
4.896,0.351632
4.897,0.351889
4.897,0.352136
4.898,0.352374
4.899,0.352602
4.902,0.352821
4.91,0.353032
4.911,0.353232
4.912,0.353426
4.913,0.353611
4.914,0.353788
4.915,0.353956
4.916,0.354116
4.917,0.354267
4.927,0.354408
4.928,0.354543
4.929,0.354669
4.93,0.354788
4.933,0.354899
4.934,0.355005
4.935,0.355105
4.936,0.355201
4.943,0.355291
4.945,0.355484
4.946,0.355675
4.946,0.355863
4.947,0.356047
4.948,0.356227
4.949,0.356402
4.949,0.356569
4.96,0.356732
4.963,0.35688
4.964,0.356986
4.965,0.357058
4.966,0.35711
4.967,0.357133
4.967,0.35712
4.968,0.357066
4.977,0.357007
4.978,0.356926
4.979,0.356824
4.98,0.356702
4.981,0.356559
4.982,0.356396
4.985,0.356216
4.986,0.356024
4.994,0.35582
4.995,0.35569
4.996,0.355568
4.997,0.355457
4.997,0.355357
4.999,0.355268
5,0.355191
5,0.355125
5.011,0.355071
5.012,0.355028
5.013,0.354997
5.015,0.354976
5.016,0.354964
5.017,0.35496
5.018,0.354965
5.019,0.354979
5.028,0.355003
5.029,0.355036
5.03,0.355079
5.031,0.355133
5.031,0.355197
5.033,0.355272
5.034,0.355359
5.035,0.355457
5.044,0.355567
5.046,0.355686
5.047,0.355815
5.048,0.355954
5.048,0.356104
5.049,0.356263
5.053,0.35643
5.054,0.356611
5.061,0.356805
5.062,0.357012
5.063,0.357232
5.064,0.357465
5.064,0.357711
5.067,0.35797
5.068,0.358238
5.069,0.358513
5.078,0.358797
5.079,0.359087
5.08,0.359382
5.081,0.359682
5.082,0.359986
5.083,0.360293
5.083,0.360603
5.084,0.360915
5.095,0.361227
5.097,0.36154
5.1,0.361852
5.1,0.362159
5.101,0.362461
5.102,0.362757
5.104,0.363043
5.104,0.363325
5.111,0.363601
5.112,0.363869
5.113,0.36413
5.114,0.364384
5.115,0.36463
5.116,0.364868
5.116,0.365096
5.119,0.365317
5.128,0.365532
5.129,0.365739
5.131,0.365939
5.131,0.366132
5.132,0.366317
5.133,0.366495
5.134,0.366666
5.135,0.366826
5.145,0.36698
5.146,0.367126
5.147,0.367266
5.148,0.367398
5.15,0.367524
5.151,0.367645
5.152,0.367761
5.152,0.367873
5.162,0.367979
5.163,0.368141
5.164,0.368354
5.165,0.368565
5.166,0.368772
5.166,0.368975
5.167,0.369174
5.168,0.369369
5.178,0.369556
5.182,0.369728
5.183,0.369859
5.184,0.369955
5.184,0.370032
5.185,0.370082
5.186,0.370094
5.187,0.370066
5.195,0.370006
5.196,0.369926
5.197,0.369823
5.198,0.369696
5.199,0.369547
5.199,0.369375
5.202,0.369182
5.203,0.368977
5.212,0.368866
5.213,0.368763
5.214,0.368671
5.215,0.368591
5.216,0.368523
5.216,0.368467
5.217,0.368423
5.218,0.368391
5.229,0.368371
5.23,0.368363
5.231,0.368367
5.234,0.368382
5.235,0.368404
5.236,0.368433
5.237,0.36847
5.238,0.368515
5.245,0.368569
5.246,0.368632
5.247,0.368703
5.248,0.368784
5.249,0.368874
5.25,0.368974
5.251,0.369084
5.251,0.3692
5.262,0.369328
5.263,0.369463
5.264,0.369607
5.265,0.369759
5.266,0.369919
5.267,0.370088
5.268,0.370266
5.268,0.370454
5.279,0.370653
5.442,0.370863
5.445,0.371083
5.448,0.371314
5.451,0.371556
5.46,0.371807
5.464,0.372065
5.466,0.37233
5.469,0.3726
5.472,0.372876
5.475,0.373157
5.478,0.373443
5.481,0.373732
5.484,0.374024
5.487,0.374319
5.49,0.374615
5.494,0.374912
5.496,0.375208
5.511,0.375504
5.514,0.375791
5.519,0.376077
5.522,0.376355
5.526,0.376629
5.529,0.376896
5.533,0.377157
5.536,0.377409
5.539,0.377654
5.545,0.377892
5.55,0.378121
5.556,0.378343
5.559,0.378558
5.566,0.378766
5.567,0.378968
5.57,0.37916
5.571,0.379347
5.574,0.379528
5.576,0.379702
5.577,0.37987
5.579,0.380032
5.58,0.380186
5.584,0.380334
5.585,0.380475
5.587,0.38061
5.589,0.380737
5.595,0.380858
5.597,0.380975
5.599,0.381087
5.6,0.381192
5.601,0.381293
5.602,0.381549
5.603,0.381796
5.604,0.382034
5.604,0.382269
5.605,0.382497
5.607,0.38272
5.609,0.382937
5.618,0.383148
5.62,0.383342
5.622,0.383494
5.622,0.383612
5.624,0.383709
5.624,0.383777
5.625,0.383808
5.627,0.383797
5.635,0.383743
5.636,0.383692
5.637,0.383619
5.638,0.383526
5.638,0.383413
5.639,0.383281
5.643,0.383131
5.644,0.382971
5.652,0.382798
5.653,0.382611
5.654,0.382464
5.654,0.382374
5.655,0.38229
5.656,0.382222
5.658,0.382165
5.66,0.382121
5.669,0.382089
5.67,0.38207
5.671,0.382064
5.674,0.38207
5.675,0.382086
5.676,0.382111
5.676,0.382146
5.677,0.382191
5.686,0.382246
5.686,0.382311
5.687,0.382387
5.688,0.382474
5.689,0.382567
5.69,0.382674
5.691,0.382793
5.692,0.382924
5.702,0.383065
5.703,0.383213
5.704,0.38337
5.705,0.383534
5.706,0.383707
5.707,0.383889
5.709,0.38408
5.711,0.384281
5.719,0.384492
5.72,0.384713
5.721,0.384944
5.723,0.385185
5.724,0.385437
5.726,0.385698
5.727,0.385965
5.729,0.386238
5.736,0.386507
5.737,0.386782
5.738,0.387059
5.739,0.387338
5.739,0.387618
5.74,0.3879
5.742,0.388181
5.743,0.388463
5.753,0.388743
5.754,0.389022
5.757,0.389298
5.758,0.38957
5.759,0.389834
5.76,0.390097
5.762,0.390355
5.763,0.390608
5.77,0.390855
5.771,0.391097
5.771,0.391333
5.772,0.391564
5.773,0.391786
5.774,0.392004
5.775,0.392214
5.779,0.392415
5.786,0.392614
5.787,0.392809
5.788,0.392999
5.789,0.393184
5.79,0.393365
5.791,0.393541
5.791,0.393712
5.792,0.393878
5.803,0.394039
5.804,0.394237
5.805,0.394431
5.806,0.394626
5.809,0.39482
5.81,0.395014
5.811,0.395207
5.812,0.395399
5.82,0.395589
5.821,0.395777
5.822,0.39596
5.823,0.396141
5.824,0.396318
5.825,0.396491
5.826,0.39666
5.827,0.396821
5.837,0.396979
5.84,0.397123
5.841,0.397233
5.842,0.397311
5.843,0.397373
5.844,0.397415
5.845,0.397435
5.846,0.397433
5.853,0.397408
5.854,0.397359
5.855,0.397287
5.856,0.39719
5.857,0.39707
5.859,0.396926
5.862,0.39676
5.863,0.396579
5.87,0.396381
5.871,0.396165
5.872,0.39593
5.873,0.395822
5.874,0.395715
5.874,0.395618
5.875,0.395529
5.877,0.395449
5.887,0.395378
5.888,0.395317
5.889,0.395266
5.892,0.395225
5.893,0.395193
5.894,0.395169
5.895,0.395154
5.896,0.395147
5.904,0.395149
5.905,0.395161
5.906,0.395182
5.907,0.395213
5.908,0.395254
5.909,0.395304
5.91,0.395365
5.911,0.395436
5.921,0.395517
5.922,0.395606
5.923,0.395704
5.924,0.39581
5.926,0.395924
5.927,0.396043
5.928,0.396174
5.929,0.396315
5.938,0.396465
5.939,0.396625
5.94,0.396795
5.941,0.396975
5.942,0.397166
5.945,0.397366
5.946,0.397572
5.947,0.397783
5.955,0.397998
5.959,0.398216
5.961,0.398435
5.964,0.398655
5.967,0.398877
5.97,0.399099
5.973,0.399322
5.976,0.399545
5.979,0.399768
5.982,0.39999
5.993,0.400211
5.996,0.400428
5.999,0.400643
6.002,0.400854
6.005,0.401062
6.008,0.401266
6.011,0.401467
6.014,0.401663
6.016,0.401854
6.018,0.402041
6.02,0.402223
6.022,0.4024
6.024,0.402571
6.03,0.402738
6.031,0.402901
6.033,0.403057
6.034,0.403208
6.035,0.403355
6.037,0.403498
6.038,0.403635
6.039,0.403769
6.04,0.403898
6.047,0.404022
6.048,0.404181
6.049,0.404339
6.05,0.404498
6.053,0.404656
6.054,0.404814
6.055,0.40497
6.057,0.405123
6.063,0.405273
6.064,0.405421
6.065,0.405565
6.067,0.405707
6.068,0.405844
6.069,0.405977
6.072,0.406105
6.072,0.406228
6.08,0.406346
6.083,0.406451
6.084,0.406515
6.085,0.406543
6.085,0.406555
6.086,0.406547
6.087,0.406512
6.088,0.406451
6.097,0.406366
6.098,0.406257
6.098,0.406122
6.099,0.405961
6.1,0.405775
6.1,0.405564
6.103,0.405329
6.104,0.405248
6.114,0.405178
6.114,0.405119
6.115,0.405072
6.116,0.405037
6.117,0.405015
6.118,0.405005
6.119,0.405007
6.12,0.40502
6.13,0.405043
6.131,0.405077
6.132,0.405123
6.135,0.405179
6.136,0.40524
6.136,0.405306
6.137,0.405376
6.138,0.405452
6.147,0.405533
6.148,0.405619
6.149,0.405711
6.15,0.40581
6.15,0.405914
6.151,0.406025
6.152,0.406143
6.153,0.406268
6.164,0.4064
6.165,0.406537
6.166,0.406681
6.167,0.406831
6.167,0.406988
6.168,0.407153
6.169,0.407326
6.17,0.407507
6.181,0.407697
6.182,0.407896
6.182,0.408105
6.183,0.408324
6.184,0.408553
6.187,0.408791
6.188,0.409035
6.189,0.409284
6.197,0.40954
6.199,0.409801
6.2,0.410067
6.201,0.410338
6.202,0.410612
6.204,0.41089
6.205,0.411171
6.206,0.411453
6.214,0.411737
6.215,0.412022
6.218,0.412307
6.219,0.412587
6.22,0.412864
6.22,0.413136
6.221,0.413404
6.222,0.413667
6.231,0.413925
6.232,0.414175
6.233,0.414421
6.234,0.414662
6.235,0.414897
6.236,0.415126
6.237,0.415349
6.24,0.415565
6.247,0.415771
6.248,0.415969
6.249,0.416161
6.251,0.416347
6.252,0.416526
6.253,0.416696
6.254,0.41686
6.255,0.417017
6.264,0.417167
6.265,0.417311
6.266,0.417448
6.267,0.417578
6.27,0.417702
6.271,0.41782
6.271,0.417934
6.272,0.418084
6.281,0.418274
6.282,0.41846
6.284,0.418645
6.285,0.418825
6.286,0.419002
6.287,0.419174
6.288,0.41934
6.288,0.419502
6.298,0.419657
6.301,0.419798
6.302,0.419899
6.303,0.419965
6.303,0.420014
6.304,0.420034
6.305,0.420023
6.306,0.419991
6.315,0.419938
6.316,0.419864
6.317,0.41977
6.318,0.419656
6.319,0.41952
6.32,0.419365
6.323,0.41919
6.324,0.419004
6.332,0.418803
6.333,0.418588
6.334,0.418357
6.334,0.418111
6.335,0.418036
6.337,0.417972
6.338,0.417917
6.339,0.417874
6.349,0.417841
6.35,0.41782
6.35,0.417811
6.353,0.417813
6.354,0.417826
6.355,0.417847
6.356,0.417876
6.359,0.417914
6.365,0.417961
6.366,0.418017
6.367,0.418083
6.368,0.418158
6.369,0.418244
6.37,0.418339
6.371,0.418445
6.372,0.418561
6.382,0.418682
6.383,0.418813
6.384,0.418951
6.385,0.419098
6.386,0.419253
6.387,0.419416
6.388,0.41959
6.389,0.419772
6.399,0.419965
6.4,0.420168
6.401,0.420381
6.402,0.420603
6.403,0.420836
6.406,0.421077
6.406,0.421324
6.407,0.421573
6.416,0.421825
6.417,0.422079
6.418,0.422336
6.419,0.422593
6.42,0.422851
6.421,0.423109
6.421,0.423367
6.422,0.423625
6.433,0.423883
6.434,0.42414
6.436,0.424391
6.437,0.424636
6.438,0.424879
6.441,0.425119
6.442,0.425354
6.445,0.425583
6.449,0.425809
6.45,0.42603
6.451,0.426245
6.452,0.426455
6.453,0.42666
6.454,0.42686
6.455,0.427054
6.458,0.427242
6.466,0.427423
6.467,0.4276
6.469,0.427771
6.471,0.427937
6.472,0.428098
6.474,0.428252
6.474,0.428401
6.475,0.428545
6.483,0.428684
6.484,0.428817
6.485,0.428943
6.486,0.429062
6.488,0.429177
6.49,0.429286
6.493,0.429391
6.494,0.429491
6.5,0.429631
6.501,0.429817
6.502,0.430005
6.503,0.430189
6.504,0.430366
6.506,0.430541
6.507,0.430709
6.509,0.430873
6.516,0.431029
6.52,0.431171
6.521,0.431274
6.522,0.431345
6.523,0.431402
6.523,0.431433
6.524,0.431438
6.525,0.431424
6.533,0.43139
6.537,0.431338
6.54,0.431267
6.542,0.431179
6.545,0.431074
6.548,0.430952
6.559,0.430814
6.561,0.430666
6.563,0.430507
6.565,0.430335
6.566,0.430151
6.568,0.429952
6.569,0.42974
6.571,0.429513
6.573,0.429273
6.574,0.429019
6.575,0.42875
6.577,0.428467
6.578,0.42817
6.582,0.42786
6.584,0.427541
6.585,0.427211
6.586,0.426869
6.587,0.426514
6.593,0.426519
6.594,0.42654
6.595,0.426583
6.596,0.426643
6.597,0.426724
6.598,0.426824
6.599,0.426944
6.6,0.427086
6.609,0.427245
6.61,0.427416
6.611,0.427598
6.612,0.427791
6.613,0.427997
6.614,0.428214
6.615,0.428444
6.616,0.428688
6.625,0.428943
6.626,0.429211
6.627,0.429492
6.628,0.429785
6.629,0.430091
6.632,0.430407
6.634,0.430729
6.636,0.431055
6.642,0.431384
6.643,0.431717
6.644,0.432052
6.645,0.43239
6.646,0.432729
6.647,0.433067
6.648,0.433408
6.649,0.433748
6.659,0.434088
6.66,0.434427
6.663,0.434764
6.664,0.435098
6.665,0.435427
6.666,0.435753
6.667,0.436073
6.668,0.43639
6.676,0.436701
6.677,0.437008
6.678,0.437307
6.679,0.437594
6.68,0.437875
6.681,0.43815
6.682,0.438419
6.684,0.438682
6.692,0.438938
6.694,0.439189
6.695,0.439431
6.695,0.439665
6.696,0.439894
6.697,0.440116
6.698,0.440332
6.699,0.440541
6.709,0.440743
6.71,0.440939
6.711,0.441128
6.712,0.441311
6.715,0.441485
6.716,0.441656
6.716,0.441821
6.717,0.44203
6.726,0.442285
6.727,0.442542
6.728,0.442797
6.729,0.443047
6.73,0.44329
6.731,0.443528
6.733,0.44376
6.734,0.443987
6.743,0.444208
6.746,0.444415
6.747,0.444586
6.748,0.444727
6.748,0.444855
6.75,0.444958
6.75,0.445027
6.751,0.445058
6.759,0.445065
6.76,0.445047
6.761,0.445008
6.762,0.444947
6.763,0.444864
6.764,0.444762
6.767,0.444685
6.768,0.444657
6.777,0.444641
6.78,0.444636
6.782,0.444644
6.785,0.444663
6.787,0.444693
6.793,0.444734
6.795,0.444787
6.797,0.444851
6.799,0.444927
6.8,0.445014
6.802,0.445112
6.806,0.445221
6.807,0.445335
6.809,0.445455
6.81,0.445581
6.812,0.445714
6.813,0.445853
6.814,0.445999
6.815,0.446152
6.817,0.446313
6.817,0.446481
6.819,0.446657
6.82,0.446842
6.821,0.447034
6.829,0.447234
6.83,0.44744
6.831,0.447651
6.834,0.447868
6.835,0.448091
6.836,0.448321
6.837,0.448559
6.839,0.448805
6.846,0.449058
6.847,0.44932
6.848,0.449591
6.849,0.449871
6.85,0.45016
6.852,0.450458
6.853,0.45076
6.854,0.451066
6.863,0.451375
6.864,0.451686
6.865,0.452
6.866,0.452312
6.867,0.452628
6.868,0.452944
6.869,0.453261
6.87,0.453578
6.88,0.453893
6.881,0.454208
6.884,0.45452
6.885,0.45483
6.886,0.455137
6.887,0.45544
6.888,0.455739
6.889,0.456034
6.897,0.456326
6.898,0.456612
6.898,0.456895
6.899,0.457174
6.9,0.457447
6.901,0.457716
6.902,0.457979
6.904,0.458236
6.914,0.458489
6.915,0.458737
6.916,0.458979
6.916,0.459217
6.917,0.459449
6.918,0.459675
6.919,0.459893
6.92,0.460106
6.93,0.460313
6.932,0.460513
6.932,0.460708
6.933,0.460896
6.936,0.461079
6.937,0.461257
6.938,0.461431
6.939,0.461601
6.947,0.461767
6.948,0.461929
6.949,0.462083
6.95,0.462333
6.951,0.46258
6.952,0.462825
6.953,0.463063
6.954,0.463297
6.964,0.463525
6.967,0.463739
6.968,0.463913
6.969,0.464056
6.97,0.464179
6.97,0.464274
6.971,0.464333
6.972,0.46435
6.981,0.464324
6.982,0.464253
6.983,0.46417
6.984,0.46406
6.985,0.463926
6.986,0.463768
6.988,0.463684
6.99,0.463607
6.998,0.46354
6.998,0.463484
6.999,0.463439
7,0.463405
7.001,0.463382
7.002,0.46337
7.003,0.463368
7.003,0.463376
7.014,0.463395
7.015,0.463425
7.016,0.463465
7.019,0.463515
7.02,0.463571
7.021,0.463634
7.022,0.463703
7.022,0.463778
7.031,0.463861
7.032,0.463951
7.033,0.464048
7.034,0.464153
7.035,0.464266
7.035,0.464386
7.036,0.464515
7.037,0.464654
7.048,0.464801
7.049,0.464954
7.05,0.465114
7.05,0.465283
7.051,0.465461
7.052,0.465647
7.053,0.465841
7.054,0.466046
7.065,0.46626
7.066,0.466485
7.066,0.466721
7.067,0.466969
7.068,0.467228
7.071,0.467496
7.072,0.467771
7.073,0.468049
7.081,0.468336
7.082,0.46863
7.084,0.46893
7.085,0.469233
7.086,0.469539
7.087,0.469849
7.088,0.470161
7.089,0.470475
7.098,0.470789
7.099,0.471103
7.102,0.471415
7.103,0.471724
7.104,0.472027
7.105,0.472325
7.106,0.472612
7.109,0.472894
7.115,0.473169
7.116,0.473436
7.117,0.473695
7.118,0.473945
7.119,0.474188
7.12,0.474422
7.12,0.474647
7.123,0.474866
7.132,0.475077
7.133,0.475281
7.134,0.475473
7.135,0.47566
7.136,0.47584
7.136,0.476012
7.137,0.476176
7.138,0.476332
7.149,0.476481
7.15,0.476621
7.151,0.476754
7.152,0.476879
7.154,0.476996
7.155,0.477107
7.156,0.47721
7.157,0.477309
7.166,0.4774
7.167,0.477559
7.167,0.47778
7.168,0.477995
7.169,0.478205
7.171,0.478409
7.171,0.478607
7.172,0.478798
7.182,0.47898
7.185,0.479146
7.186,0.479268
7.187,0.479353
7.188,0.479417
7.188,0.47945
7.189,0.479446
7.19,0.4794
7.199,0.47931
7.2,0.479176
7.201,0.479031
7.201,0.478896
7.202,0.478744
7.203,0.478575
7.206,0.478392
7.207,0.4782
7.216,0.477999
7.217,0.477786
7.218,0.477563
7.218,0.47743
7.22,0.477308
7.221,0.4772
7.222,0.477106
7.223,0.477026
7.233,0.476961
7.234,0.476909
7.234,0.476872
7.238,0.47685
7.238,0.476839
7.239,0.476841
7.24,0.476856
7.241,0.476883
7.249,0.476921
7.25,0.476967
7.251,0.477027
7.252,0.477099
7.253,0.477184
7.254,0.477283
7.254,0.477395
7.255,0.477521
7.266,0.47766
7.267,0.477809
7.268,0.47797
7.269,0.478141
7.27,0.478323
7.271,0.478515
7.272,0.478718
7.273,0.478931
7.283,0.479156
7.284,0.479391
7.285,0.479633
7.286,0.479891
7.287,0.480161
7.29,0.48044
7.291,0.480726
7.292,0.481016
7.3,0.481309
7.301,0.481604
7.301,0.481901
7.302,0.482201
7.303,0.482502
7.304,0.482804
7.305,0.483106
7.305,0.483408
7.316,0.483704
7.317,0.484003
7.321,0.4843
7.322,0.484593
7.322,0.484881
7.323,0.485164
7.324,0.485441
7.325,0.485713
7.333,0.485977
7.334,0.486236
7.335,0.486483
7.336,0.486726
7.337,0.486963
7.338,0.487194
7.339,0.487418
7.343,0.487636
7.35,0.487849
7.351,0.488057
7.352,0.48826
7.353,0.488457
7.353,0.488643
7.354,0.488827
7.355,0.489004
7.356,0.489176
7.367,0.489342
7.368,0.489502
7.368,0.489676
7.369,0.489868
7.372,0.490059
7.373,0.490251
7.374,0.490441
7.375,0.49063
7.384,0.490818
7.385,0.491003
7.386,0.491183
7.387,0.491363
7.388,0.49154
7.388,0.491714
7.389,0.491885
7.39,0.492052
7.4,0.492214
7.403,0.492362
7.404,0.492475
7.405,0.492556
7.406,0.49262
7.407,0.492664
7.41,0.492687
7.411,0.492688
7.417,0.492666
7.418,0.492621
7.419,0.492552
7.42,0.492459
7.421,0.492343
7.422,0.492202
7.425,0.49204
7.426,0.491863
7.434,0.491668
7.435,0.491456
7.436,0.491288
7.437,0.491184
7.438,0.491086
7.439,0.490996
7.439,0.490911
7.44,0.490838
7.451,0.490773
7.452,0.490719
7.452,0.490673
7.455,0.490637
7.456,0.490608
7.457,0.490586
7.458,0.490574
7.459,0.49057
7.467,0.490574
7.468,0.490588
7.469,0.490611
7.47,0.490644
7.471,0.490685
7.472,0.490736
7.472,0.490798
7.473,0.490869
7.484,0.490951
7.485,0.491041
7.486,0.49114
7.487,0.491249
7.488,0.491367
7.489,0.491495
7.49,0.491632
7.491,0.49178
7.501,0.491938
7.502,0.492107
7.503,0.492287
7.504,0.492478
7.505,0.492676
7.508,0.492888
7.509,0.493106
7.509,0.493329
7.518,0.493556
7.519,0.493787
7.52,0.49402
7.521,0.494254
7.522,0.49449
7.523,0.494726
7.524,0.494964
7.525,0.495202
7.535,0.49544
7.536,0.495677
7.539,0.495913
7.54,0.496146
7.541,0.496377
7.541,0.496604
7.542,0.496827
7.544,0.497047
7.552,0.497262
7.553,0.497473
7.554,0.497679
7.555,0.497881
7.556,0.498077
7.557,0.498268
7.558,0.498454
7.562,0.498636
7.568,0.498813
7.569,0.498987
7.57,0.499155
7.571,0.499319
7.572,0.499479
7.572,0.499632
7.573,0.499778
7.574,0.499919
7.585,0.500055
7.586,0.500186
7.587,0.500327
7.588,0.500481
7.591,0.500634
7.592,0.500786
7.593,0.500937
7.593,0.501086
7.602,0.501231
7.603,0.501374
7.604,0.501513
7.605,0.501648
7.606,0.50178
7.607,0.501903
7.608,0.502023
7.609,0.502139
7.619,0.502248
7.622,0.502345
7.623,0.502399
7.624,0.50242
7.624,0.502427
7.625,0.502407
7.626,0.502364
7.627,0.502297
7.635,0.502208
7.637,0.502094
7.639,0.501957
7.64,0.501796
7.641,0.50161
7.641,0.5014
7.645,0.501241
7.646,0.501158
7.652,0.501087
7.653,0.501027
7.654,0.500979
7.655,0.500944
7.656,0.500922
7.656,0.500912
7.657,0.500915
7.658,0.500929
7.669,0.500955
7.67,0.500992
7.671,0.50104
7.674,0.501098
7.675,0.50116
7.675,0.501226
7.676,0.501298
7.677,0.501375
7.686,0.501457
7.687,0.501545
7.688,0.501638
7.689,0.501738
7.69,0.501844
7.693,0.501956
7.695,0.502076
7.696,0.502202
7.703,0.502336
7.703,0.502475
7.705,0.502621
7.706,0.502773
7.706,0.50293
7.708,0.503096
7.709,0.50327
7.71,0.503453
7.719,0.503645
7.72,0.503846
7.721,0.504056
7.721,0.504276
7.722,0.504506
7.725,0.504745
7.726,0.504991
7.727,0.505243
7.736,0.505502
7.737,0.505767
7.738,0.506039
7.738,0.506312
7.74,0.506591
7.741,0.506873
7.742,0.507159
7.743,0.507446
7.753,0.507736
7.754,0.508027
7.757,0.508317
7.759,0.508603
7.76,0.508886
7.761,0.509163
7.762,0.509436
7.763,0.509703
7.77,0.509963
7.771,0.510218
7.772,0.510465
7.773,0.510706
7.774,0.510937
7.775,0.511162
7.776,0.51138
7.779,0.511588
7.786,0.511791
7.787,0.511988
7.788,0.512178
7.789,0.512361
7.79,0.512538
7.791,0.512706
7.791,0.512867
7.792,0.513021
7.803,0.513169
7.804,0.513309
7.805,0.513443
7.806,0.51357
7.809,0.513691
7.81,0.513806
7.811,0.513916
7.812,0.514062
7.82,0.514246
7.821,0.514431
7.822,0.514613
7.822,0.514791
7.823,0.514963
7.825,0.51513
7.826,0.515291
7.827,0.515446
7.837,0.515595
7.839,0.515729
7.84,0.515819
7.841,0.515872
7.843,0.515907
7.843,0.515917
7.845,0.515909
7.845,0.515883
7.853,0.515838
7.854,0.515775
7.856,0.515693
7.857,0.515593
7.858,0.515474
7.858,0.515336
7.862,0.515181
7.863,0.515016
7.87,0.514837
7.871,0.514645
7.872,0.514439
7.873,0.514219
7.874,0.513978
7.877,0.513727
7.878,0.513637
7.879,0.513558
7.887,0.51349
7.89,0.513433
7.893,0.513388
7.905,0.513355
7.907,0.513333
7.91,0.513323
7.912,0.513326
7.915,0.51334
7.916,0.513365
7.92,0.513401
7.922,0.513448
7.923,0.513507
7.925,0.513576
7.926,0.513659
7.928,0.513753
7.93,0.51386
7.934,0.513979
7.935,0.514107
7.936,0.514244
7.937,0.514391
7.938,0.514549
7.94,0.514717
7.941,0.514897
7.942,0.515089
7.943,0.515292
7.944,0.515508
7.945,0.515735
7.946,0.515975
7.947,0.516226
7.951,0.516489
7.952,0.516757
7.953,0.51703
7.957,0.517305
7.958,0.517582
7.959,0.517861
7.96,0.518141
7.961,0.518422
7.962,0.518704
7.963,0.518987
7.964,0.519269
7.974,0.51955
7.975,0.519827
7.978,0.520104
7.979,0.520377
7.98,0.520646
7.981,0.520911
7.981,0.521171
7.982,0.521426
7.991,0.521677
7.992,0.521921
7.994,0.52216
7.995,0.522389
7.996,0.52261
7.997,0.522825
7.998,0.523033
8.002,0.523234
8.008,0.523428
8.009,0.523617
8.01,0.523799
8.011,0.523975
8.012,0.524145
8.013,0.524307
8.014,0.524464
8.015,0.524615
8.024,0.524759
8.026,0.524897
8.027,0.525029
8.028,0.525153
8.031,0.525271
8.032,0.525384
8.033,0.525491
8.034,0.525592
8.041,0.525688
8.042,0.525865
8.043,0.52604
8.045,0.526213
8.046,0.526382
8.047,0.526546
8.048,0.526705
8.049,0.526859
8.058,0.527007
8.061,0.52714
8.063,0.527237
8.064,0.527303
8.065,0.527354
8.066,0.52738
8.067,0.527384
8.067,0.52737
8.075,0.527338
8.076,0.527288
8.077,0.527219
8.078,0.52713
8.079,0.527025
8.08,0.52693
8.083,0.526859
8.084,0.526799
8.091,0.526748
8.092,0.526706
8.094,0.526674
8.094,0.526652
8.095,0.526641
8.096,0.526641
8.097,0.526652
8.098,0.526673
8.108,0.526707
8.109,0.526751
8.11,0.526807
8.113,0.526874
8.114,0.52695
8.115,0.527032
8.115,0.527123
8.116,0.527221
8.125,0.527326
8.126,0.52744
8.127,0.527562
8.128,0.527692
8.129,0.527833
8.129,0.527982
8.13,0.528142
8.131,0.528312
8.143,0.528492
8.144,0.528679
8.145,0.528875
8.146,0.52908
8.147,0.529294
8.148,0.529517
8.148,0.529751
8.149,0.529996
8.158,0.530251
8.159,0.530517
8.16,0.530795
8.16,0.531083
8.161,0.531383
8.164,0.531692
8.164,0.532007
8.166,0.532325
8.175,0.532648
8.176,0.532972
8.177,0.533299
8.178,0.533629
8.179,0.53396
8.18,0.534288
8.181,0.53462
8.182,0.534951
8.192,0.535281
8.197,0.535611
8.207,0.535938
8.209,0.536262
8.211,0.536582
8.213,0.536898
8.215,0.537208
8.217,0.537514
8.219,0.537814
8.221,0.538109
8.223,0.538397
8.224,0.538679
8.226,0.538954
8.227,0.539223
8.229,0.539485
8.233,0.53974
8.234,0.539989
8.237,0.540232
8.239,0.540466
8.239,0.540694
8.24,0.540916
8.241,0.54113
8.243,0.541338
8.244,0.541539
8.246,0.541734
8.247,0.541922
8.249,0.542104
8.25,0.542279
8.254,0.542448
8.255,0.542612
8.256,0.542772
8.256,0.542927
8.259,0.543076
8.26,0.543221
8.261,0.54336
8.262,0.543565
8.263,0.543768
8.263,0.543969
8.264,0.544166
8.265,0.54436
8.276,0.544547
8.279,0.544721
8.28,0.544854
8.281,0.544955
8.281,0.545039
8.282,0.545097
8.283,0.54512
8.284,0.545101
8.293,0.545039
8.294,0.54494
8.294,0.544814
8.295,0.544661
8.296,0.544579
8.297,0.54449
8.3,0.544402
8.301,0.54432
8.309,0.544247
8.31,0.544182
8.311,0.544124
8.312,0.544076
8.313,0.544036
8.314,0.544004
8.315,0.543982
8.316,0.543968
8.326,0.543962
8.327,0.543965
8.328,0.543976
8.331,0.543995
8.332,0.544021
8.333,0.544054
8.334,0.544094
8.335,0.54414
8.343,0.544195
8.347,0.544258
8.35,0.544329
8.353,0.544408
8.357,0.544496
8.359,0.544592
8.363,0.544699
8.365,0.544815
8.37,0.544941
8.372,0.545075
8.374,0.545217
8.375,0.545369
8.377,0.54553
8.378,0.545702
8.379,0.545883
8.38,0.546074
8.382,0.546275
8.383,0.546488
8.384,0.546713
8.385,0.546949
8.386,0.547197
8.39,0.547456
8.391,0.547722
8.393,0.547997
8.396,0.54828
8.397,0.548571
8.398,0.548869
8.399,0.549172
8.399,0.549481
8.4,0.549795
8.401,0.550112
8.402,0.550432
8.413,0.550754
8.414,0.551078
8.416,0.551401
8.418,0.55172
8.419,0.552034
8.42,0.55234
8.421,0.552642
8.422,0.552938
8.429,0.553226
8.43,0.553507
8.431,0.55378
8.432,0.554044
8.432,0.5543
8.433,0.554547
8.434,0.554786
8.437,0.555015
8.446,0.555238
8.447,0.555453
8.448,0.55566
8.449,0.555859
8.45,0.55605
8.45,0.55623
8.451,0.556402
8.452,0.556565
8.463,0.556719
8.464,0.556866
8.465,0.557004
8.465,0.557135
8.468,0.557258
8.469,0.557374
8.47,0.557485
8.471,0.55759
8.48,0.557747
8.481,0.557958
8.481,0.558165
8.482,0.558366
8.483,0.558562
8.484,0.558751
8.485,0.558935
8.486,0.559112
8.497,0.559282
8.506,0.559436
8.513,0.559546
8.516,0.559623
8.519,0.559678
8.521,0.559703
8.522,0.55969
8.526,0.559654
8.528,0.559609
8.531,0.559546
8.533,0.559465
8.535,0.559365
8.537,0.559247
8.539,0.559111
8.543,0.558958
8.544,0.558796
8.545,0.558623
8.546,0.558437
8.548,0.558278
8.549,0.558161
8.55,0.558056
8.551,0.557962
8.552,0.55788
8.553,0.55781
8.554,0.557751
8.555,0.557704
8.556,0.55767
8.56,0.557648
8.561,0.557636
8.562,0.557636
8.563,0.557647
8.564,0.557668
8.568,0.557699
8.569,0.557738
8.57,0.557789
8.572,0.557851
8.573,0.557926
8.574,0.558013
8.575,0.558113
8.577,0.558227
8.584,0.558353
8.586,0.55849
8.587,0.558637
8.588,0.558796
8.589,0.558967
8.594,0.559151
8.595,0.559346
8.596,0.559553
8.601,0.559773
8.602,0.560005
8.603,0.560248
8.603,0.560504
8.604,0.560768
8.609,0.561046
8.61,0.561332
8.611,0.561622
8.618,0.561915
8.619,0.56221
8.62,0.562507
8.621,0.562807
8.622,0.563108
8.623,0.563409
8.624,0.563711
8.625,0.564013
8.635,0.564312
8.636,0.56461
8.638,0.564905
8.639,0.56519
8.64,0.565472
8.641,0.565749
8.645,0.566018
8.646,0.56628
8.652,0.566535
8.653,0.566783
8.654,0.567024
8.655,0.567258
8.656,0.567482
8.656,0.567699
8.657,0.567908
8.659,0.568105
8.668,0.568299
8.669,0.568487
8.673,0.568667
8.675,0.568841
8.676,0.569008
8.676,0.569168
8.677,0.569322
8.678,0.569468
8.685,0.569606
8.686,0.569756
8.688,0.569922
8.689,0.570089
8.691,0.570256
8.693,0.570423
8.694,0.57059
8.694,0.570756
8.702,0.570922
8.703,0.571086
8.704,0.571248
8.705,0.571406
8.706,0.571562
8.707,0.571712
8.708,0.571858
8.709,0.571998
8.719,0.572133
8.729,0.572254
8.732,0.572337
8.735,0.572389
8.737,0.572428
8.739,0.572448
8.741,0.572448
8.743,0.572428
8.745,0.572389
8.746,0.572329
8.748,0.572249
8.75,0.572148
8.751,0.572025
8.753,0.571881
8.758,0.571717
8.759,0.571538
8.76,0.571344
8.761,0.571134
8.762,0.570958
8.764,0.570834
8.765,0.570717
8.765,0.570609
8.766,0.570511
8.767,0.570418
8.775,0.570338
8.775,0.570267
8.776,0.570207
8.78,0.570157
8.781,0.570115
8.782,0.570081
8.784,0.570057
8.785,0.570042
8.791,0.570036
8.792,0.570041
8.793,0.570055
8.795,0.57008
8.796,0.570115
8.797,0.570162
8.798,0.570221
8.798,0.570291
8.808,0.570372
8.809,0.570463
8.81,0.570562
8.811,0.570673
8.812,0.570793
8.813,0.570923
8.814,0.571064
8.815,0.571217
8.825,0.571382
8.826,0.571559
8.827,0.571749
8.828,0.571947
8.829,0.57216
8.832,0.572385
8.833,0.572618
8.834,0.572857
8.841,0.573102
8.843,0.573352
8.843,0.573607
8.844,0.573866
8.845,0.574127
8.846,0.574389
8.847,0.574653
8.847,0.574917
8.858,0.575183
8.859,0.575448
8.862,0.575713
8.863,0.575974
8.864,0.576232
8.865,0.576485
8.866,0.576734
8.867,0.576978
8.875,0.577216
8.876,0.57745
8.877,0.577678
8.878,0.577901
8.879,0.578119
8.882,0.57833
8.883,0.578535
8.886,0.578735
8.892,0.578929
8.893,0.579118
8.893,0.579301
8.894,0.579478
8.895,0.57965
8.896,0.579816
8.897,0.579976
8.897,0.58013
8.909,0.580277
8.91,0.580419
8.911,0.580562
8.912,0.580712
8.915,0.580861
8.916,0.581007
8.916,0.581152
8.917,0.581295
8.926,0.581434
8.927,0.58157
8.928,0.581703
8.929,0.581832
8.93,0.581956
8.93,0.582076
8.931,0.58219
8.932,0.582299
8.943,0.582403
8.945,0.582493
8.946,0.582542
8.947,0.582557
8.948,0.582552
8.949,0.582523
8.949,0.58247
8.95,0.582394
8.959,0.582293
8.96,0.582169
8.961,0.58202
8.962,0.581845
8.963,0.581646
8.964,0.581484
8.966,0.581378
8.967,0.581279
8.976,0.581188
8.977,0.581106
8.978,0.581033
8.979,0.580969
8.98,0.580914
8.981,0.580869
8.982,0.580834
8.982,0.580809
8.993,0.580793
8.994,0.580787
8.995,0.580789
8.998,0.580799
8.999,0.580816
9,0.58084
9.001,0.580871
9.002,0.58091
9.009,0.580955
9.011,0.581007
9.012,0.581066
9.013,0.581133
9.014,0.581208
9.016,0.58129
9.017,0.581381
9.018,0.581481
9.026,0.581589
9.028,0.581704
9.03,0.581826
9.031,0.581956
9.032,0.582095
9.032,0.582243
9.033,0.5824
9.034,0.582567
9.043,0.582745
9.045,0.582933
9.046,0.583132
9.047,0.583344
9.048,0.583568
9.051,0.583802
9.053,0.584045
9.054,0.584298
9.06,0.584559
9.061,0.584828
9.064,0.585105
9.065,0.58539
9.066,0.585681
9.067,0.585977
9.067,0.586279
9.068,0.586585
9.076,0.586894
9.078,0.587206
9.081,0.587518
9.082,0.587828
9.083,0.588133
9.083,0.588431
9.084,0.588723
9.085,0.589009
9.093,0.589289
9.095,0.589563
9.096,0.589829
9.097,0.590089
9.098,0.590342
9.099,0.590587
9.1,0.590824
9.103,0.591054
9.11,0.591277
9.111,0.591492
9.112,0.591701
9.113,0.591901
9.114,0.592095
9.115,0.592279
9.116,0.592456
9.117,0.592626
9.127,0.592789
9.128,0.592943
9.129,0.593088
9.13,0.593225
9.133,0.593354
9.134,0.593477
9.135,0.593632
9.136,0.593823
9.144,0.594015
9.145,0.594205
9.146,0.594391
9.147,0.594573
9.149,0.59475
9.15,0.59492
9.151,0.595082
9.152,0.595238
9.16,0.595387
9.163,0.595519
9.164,0.595608
9.165,0.595663
9.166,0.595699
9.167,0.595706
9.168,0.595698
9.168,0.595668
9.177,0.59562
9.178,0.595552
9.179,0.595467
9.18,0.595362
9.181,0.595237
9.182,0.595094
9.184,0.594934
9.185,0.594762
9.194,0.594578
9.195,0.59438
9.196,0.594167
9.196,0.59394
9.197,0.593697
9.198,0.593579
9.199,0.593468
9.2,0.593369
9.211,0.59328
9.212,0.593202
9.213,0.593137
9.215,0.593083
9.216,0.593038
9.217,0.593007
9.219,0.592987
9.22,0.59298
9.228,0.592984
9.229,0.593001
9.231,0.593029
9.232,0.593069
9.233,0.593123
9.234,0.593189
9.235,0.593268
9.236,0.593362
9.244,0.593468
9.246,0.593586
9.246,0.593714
9.247,0.593853
9.248,0.594003
9.248,0.594166
9.249,0.594342
9.25,0.59453
9.261,0.594732
9.262,0.594947
9.263,0.595177
9.264,0.595421
9.265,0.59568
9.268,0.595952
9.269,0.596232
9.27,0.596513
9.278,0.596801
9.279,0.597092
9.28,0.597385
9.281,0.59768
9.281,0.597976
9.282,0.598273
9.283,0.598571
9.284,0.598868
9.295,0.599165
9.296,0.59946
9.298,0.599752
9.3,0.600037
9.301,0.600315
9.302,0.600587
9.302,0.600853
9.304,0.601111
9.311,0.601363
9.312,0.601607
9.313,0.601843
9.314,0.602072
9.315,0.602294
9.316,0.602509
9.317,0.602713
9.32,0.602912
9.328,0.603106
9.329,0.603293
9.33,0.603474
9.331,0.603649
9.332,0.603817
9.334,0.603978
9.335,0.604131
9.336,0.604277
9.345,0.604417
9.346,0.60455
9.347,0.604675
9.348,0.604793
9.351,0.604905
9.352,0.605012
9.353,0.605113
9.354,0.60521
9.362,0.605338
9.363,0.605504
9.364,0.605671
9.365,0.605833
9.366,0.605991
9.366,0.606144
9.367,0.606292
9.368,0.606435
9.378,0.606573
9.382,0.606696
9.382,0.60678
9.383,0.606832
9.384,0.60687
9.389,0.60688
9.389,0.606868
9.391,0.606835
9.395,0.606784
9.396,0.606715
9.397,0.606628
9.398,0.606523
9.398,0.6064
9.4,0.606286
9.403,0.606193
9.404,0.606111
9.412,0.606038
9.414,0.605977
9.414,0.605925
9.415,0.605883
9.416,0.605851
9.417,0.60583
9.418,0.605819
9.419,0.605819
9.429,0.60583
9.43,0.605852
9.431,0.605885
9.433,0.605929
9.434,0.605981
9.435,0.606042
9.436,0.606113
9.437,0.606193
9.445,0.606282
9.446,0.60638
9.447,0.606487
9.448,0.606603
9.449,0.60673
9.451,0.606866
9.451,0.607014
9.452,0.607172
9.462,0.607341
9.463,0.607518
9.464,0.607703
9.465,0.607893
9.466,0.608096
9.467,0.608308
9.468,0.608532
9.469,0.608767
9.479,0.609014
9.48,0.609274
9.481,0.609546
9.482,0.609832
9.483,0.610129
9.485,0.610437
9.486,0.610752
9.486,0.611072
9.496,0.611397
9.497,0.611726
9.498,0.612059
9.499,0.612395
9.499,0.612733
9.5,0.613073
9.501,0.613413
9.502,0.613755
9.512,0.614096
9.514,0.614436
9.517,0.614774
9.518,0.615107
9.519,0.615435
9.52,0.615758
9.521,0.616074
9.522,0.616385
9.529,0.616685
9.531,0.61698
9.532,0.617269
9.533,0.617549
9.535,0.617823
9.536,0.618088
9.537,0.618345
9.541,0.618595
9.546,0.618838
9.549,0.619075
9.55,0.619305
9.551,0.619529
9.552,0.619745
9.553,0.619954
9.553,0.620157
9.556,0.620352
9.563,0.620539
9.564,0.620718
9.565,0.62089
9.567,0.621055
9.571,0.621212
9.572,0.621364
9.573,0.621511
9.574,0.621651
9.58,0.621787
9.583,0.621916
9.587,0.62204
9.594,0.622183
9.598,0.622347
9.6,0.62251
9.603,0.622668
9.606,0.622822
9.611,0.622971
9.616,0.623107
9.617,0.623202
9.619,0.623265
9.621,0.623314
9.622,0.623337
9.624,0.623325
9.625,0.623272
9.626,0.623177
9.627,0.623043
9.628,0.622921
9.63,0.622829
9.631,0.622735
9.632,0.622638
9.635,0.622541
9.636,0.622451
9.637,0.622369
9.638,0.622295
9.639,0.622229
9.64,0.622171
9.641,0.622121
9.642,0.62208
9.643,0.622047
9.644,0.622023
9.654,0.622008
9.655,0.622
9.656,0.622001
9.659,0.622009
9.661,0.622025
9.662,0.622047
9.663,0.622076
9.664,0.622112
9.669,0.622157
9.67,0.622209
9.671,0.62227
9.672,0.622339
9.673,0.622416
9.674,0.622503
9.675,0.622599
9.676,0.622705
9.685,0.622821
9.686,0.622945
9.687,0.623078
9.688,0.62322
9.689,0.623372
9.69,0.623536
9.69,0.623711
9.691,0.623899
9.702,0.624099
9.703,0.624311
9.704,0.624537
9.705,0.624778
9.706,0.625031
9.71,0.625297
9.71,0.625573
9.711,0.625859
9.719,0.626154
9.72,0.626459
9.721,0.626772
9.722,0.627093
9.723,0.62742
9.724,0.62775
9.725,0.628086
9.726,0.628424
9.736,0.628761
9.737,0.629101
9.74,0.629441
9.741,0.629776
9.742,0.630104
9.743,0.630426
9.744,0.63074
9.745,0.631046
9.753,0.631343
9.754,0.631629
9.754,0.631905
9.755,0.632169
9.759,0.632422
9.76,0.632662
9.761,0.632891
9.765,0.63311
9.77,0.633321
9.771,0.633525
9.772,0.633719
9.772,0.633906
9.773,0.634082
9.774,0.634251
9.781,0.63441
9.782,0.634562
9.786,0.634705
9.787,0.63484
9.788,0.634965
9.789,0.635082
9.792,0.63519
9.794,0.635292
9.795,0.635388
9.796,0.635527
9.803,0.635715
9.804,0.635902
9.805,0.636086
9.806,0.636266
9.807,0.636439
9.807,0.636605
9.808,0.636765
9.81,0.636918
9.82,0.637065
9.823,0.637193
9.823,0.637278
9.824,0.637328
9.825,0.637357
9.827,0.637357
9.828,0.637331
9.829,0.637291
9.837,0.63723
9.838,0.637151
9.838,0.637053
9.839,0.636935
9.84,0.636798
9.841,0.636643
9.844,0.63647
9.845,0.636288
9.853,0.636094
9.854,0.635886
9.855,0.635741
9.856,0.635603
9.857,0.635476
9.859,0.635359
9.86,0.635254
9.861,0.63516
9.87,0.635078
9.871,0.635007
9.872,0.634949
9.875,0.634902
9.876,0.634866
9.877,0.634842
9.878,0.634829
9.878,0.634829
9.887,0.63484
9.888,0.63486
9.889,0.634893
9.89,0.634939
9.89,0.634997
9.891,0.635069
9.892,0.635154
9.893,0.635253
9.904,0.635367
9.905,0.635491
9.906,0.635627
9.906,0.635776
9.907,0.635938
9.908,0.636113
9.91,0.636302
9.91,0.636506
9.92,0.636725
9.921,0.636958
9.922,0.637207
9.923,0.637471
9.925,0.637751
9.928,0.638045
9.93,0.63834
9.93,0.638645
9.937,0.638953
9.938,0.639265
9.939,0.639579
9.941,0.639895
9.943,0.640214
9.944,0.640532
9.945,0.640851
9.946,0.641169
9.954,0.641484
9.955,0.641796
9.959,0.642104
9.959,0.642406
9.96,0.6427
9.961,0.642987
9.962,0.643266
9.963,0.643533
9.971,0.643795
9.972,0.644048
9.973,0.64429
9.974,0.644523
9.975,0.644747
9.976,0.644961
9.977,0.645165
9.98,0.645359
9.988,0.645546
9.989,0.645725
9.99,0.645896
9.991,0.646059
9.992,0.646215
9.994,0.64636
9.995,0.646499
9.996,0.646627
10.005,0.646749
10.006,0.646899
10.007,0.647047
10.008,0.647193
10.011,0.647337
10.013,0.647481
10.014,0.647623
10.015,0.647765
10.022,0.647905
10.026,0.648043
10.03,0.648179
10.036,0.648312
10.044,0.64844
10.047,0.648561
10.051,0.648679
10.054,0.648791
10.057,0.648897
10.064,0.648988
10.066,0.649041
10.068,0.649064
10.07,0.649075
10.071,0.649069
10.073,0.649046
10.075,0.649004
10.076,0.648943
10.078,0.648864
10.079,0.648766
10.081,0.648648
10.082,0.648511
10.084,0.648353
10.088,0.648178
10.089,0.647988
10.091,0.647784
10.092,0.647605
10.093,0.647468
10.095,0.64734
10.096,0.647221
10.097,0.647112
10.098,0.647013
10.099,0.646924
10.1,0.646846
10.102,0.646778
10.103,0.646721
10.106,0.646673
10.107,0.646633
10.108,0.646602
10.109,0.64658
10.11,0.646564
10.116,0.646559
10.117,0.646564
10.118,0.646578
10.119,0.646603
10.12,0.646638
10.121,0.646685
10.122,0.646743
10.123,0.646814
10.133,0.646896
10.134,0.646988
10.135,0.647091
10.135,0.647204
10.136,0.647328
10.137,0.647463
10.138,0.647611
10.139,0.647772
10.15,0.647946
10.151,0.648134
10.152,0.648336
10.153,0.648552
10.154,0.648783
10.157,0.649028
10.158,0.649283
10.159,0.649546
10.167,0.649816
10.168,0.650092
10.169,0.650375
10.17,0.650665
10.172,0.650959
10.174,0.651257
10.175,0.651557
10.176,0.651855
10.183,0.652158
10.184,0.652461
10.187,0.652763
10.188,0.653061
10.192,0.653354
10.193,0.653641
10.194,0.653922
10.195,0.654198
10.2,0.654467
10.201,0.654728
10.202,0.654983
10.203,0.65523
10.204,0.65547
10.205,0.6557
10.206,0.655921
10.209,0.656134
10.217,0.65634
10.218,0.656538
10.219,0.65673
10.22,0.656913
10.221,0.65709
10.221,0.657258
10.222,0.657419
10.223,0.657572
10.234,0.657717
10.235,0.657855
10.236,0.657992
10.237,0.658131
10.239,0.658267
10.24,0.658401
10.241,0.658533
10.243,0.658663
10.25,0.65879
10.251,0.658912
10.252,0.659032
10.253,0.659148
10.254,0.65926
10.255,0.659367
10.256,0.659468
10.257,0.659565
10.267,0.659657
10.27,0.659735
10.271,0.659772
10.272,0.659777
10.273,0.659759
10.275,0.659712
10.276,0.65964
10.277,0.659542
10.284,0.659419
10.285,0.659269
10.286,0.659093
10.288,0.65889
10.289,0.658719
10.29,0.658594
10.293,0.658471
10.294,0.658355
10.301,0.658248
10.302,0.658149
10.303,0.658059
10.305,0.657979
10.306,0.657908
10.307,0.657847
10.308,0.657795
10.309,0.657753
10.317,0.657723
10.318,0.657704
10.319,0.657695
10.322,0.657695
10.326,0.657702
10.328,0.657718
10.329,0.657741
10.33,0.657773
10.334,0.657813
10.335,0.65786
10.336,0.657916
10.337,0.65798
10.338,0.658052
10.339,0.658134
10.341,0.658225
10.342,0.658325
10.351,0.658435
10.352,0.658552
10.353,0.658675
10.354,0.658805
10.355,0.658943
10.356,0.65909
10.357,0.659245
10.358,0.659411
10.368,0.659587
10.37,0.659773
10.37,0.659972
10.371,0.660186
10.372,0.660412
10.376,0.66065
10.377,0.660899
10.378,0.661157
10.385,0.661425
10.386,0.661703
10.387,0.661989
10.388,0.662284
10.389,0.662586
10.39,0.662895
10.391,0.66321
10.392,0.66353
10.402,0.663853
10.406,0.664178
10.419,0.664504
10.422,0.664825
10.425,0.665143
10.429,0.665457
10.432,0.665765
10.438,0.666068
10.441,0.666365
10.444,0.666656
10.447,0.666939
10.449,0.667215
10.451,0.667483
10.453,0.667743
10.454,0.667995
10.459,0.668239
10.461,0.668475
10.462,0.668703
10.464,0.668925
10.471,0.669139
10.472,0.669345
10.474,0.669544
10.475,0.669731
10.477,0.669911
10.479,0.670081
10.48,0.670242
10.481,0.670394
10.482,0.670537
10.485,0.670671
10.486,0.670798
10.487,0.67095
10.489,0.671131
10.49,0.671311
10.491,0.671488
10.492,0.671662
10.493,0.671829
10.494,0.671991
10.495,0.672147
10.496,0.672297
10.497,0.672441
10.506,0.672578
10.51,0.672699
10.511,0.672775
10.512,0.672818
10.513,0.672843
10.514,0.672843
10.515,0.672822
10.516,0.67278
10.523,0.672719
10.524,0.672638
10.525,0.672536
10.527,0.672413
10.528,0.67227
10.529,0.672106
10.533,0.671923
10.534,0.671728
10.545,0.67152
10.546,0.671296
10.547,0.671056
10.548,0.670916
10.549,0.670782
10.55,0.670659
10.551,0.670547
10.552,0.670446
10.558,0.670355
10.559,0.670277
10.56,0.67021
10.564,0.670154
10.565,0.67011
10.566,0.670077
10.567,0.670056
10.568,0.670047
10.575,0.670048
10.576,0.670061
10.576,0.670085
10.577,0.670121
10.578,0.670169
10.579,0.670227
10.58,0.6703
10.58,0.670385
10.592,0.670484
10.594,0.670593
10.595,0.670713
10.597,0.670844
10.597,0.670987
10.598,0.671142
10.6,0.671309
10.601,0.67149
10.608,0.671684
10.61,0.671892
10.611,0.672116
10.612,0.672355
10.613,0.67261
10.617,0.67288
10.618,0.673159
10.619,0.673443
10.625,0.673732
10.626,0.674024
10.628,0.674321
10.63,0.674622
10.631,0.674925
10.632,0.67523
10.634,0.675536
10.635,0.675843
10.644,0.676149
10.645,0.676454
10.648,0.676756
10.649,0.677051
10.65,0.677341
10.651,0.677622
10.653,0.677895
10.659,0.67816
10.66,0.678418
10.661,0.678668
10.662,0.678911
10.663,0.679145
10.664,0.67937
10.666,0.679588
10.667,0.679797
10.672,0.679998
10.676,0.680192
10.677,0.680378
10.678,0.680557
10.679,0.680728
10.68,0.680891
10.681,0.681047
10.682,0.681195
10.684,0.681334
10.692,0.681464
10.693,0.681586
10.694,0.6817
10.695,0.681804
10.697,0.6819
10.698,0.681991
10.699,0.682075
10.7,0.682154
10.709,0.682295
10.71,0.682438
10.712,0.682581
10.713,0.682722
10.714,0.68286
10.715,0.682994
10.716,0.683122
10.717,0.683244
10.726,0.683358
10.732,0.683458
10.733,0.683517
10.734,0.683544
10.735,0.683561
10.736,0.683559
10.736,0.683537
10.737,0.683498
10.742,0.683442
10.744,0.683368
10.745,0.683278
10.746,0.68317
10.747,0.683045
10.748,0.682901
10.751,0.682787
10.752,0.682677
10.759,0.682579
10.761,0.682492
10.762,0.682416
10.763,0.682352
10.764,0.682299
10.765,0.682255
10.766,0.682222
10.767,0.682199
10.776,0.682188
10.777,0.682189
10.778,0.682201
10.78,0.682224
10.781,0.682256
10.782,0.682295
10.783,0.682344
10.784,0.682401
10.793,0.682466
10.794,0.68254
10.795,0.682624
10.796,0.682716
10.797,0.682819
10.798,0.682932
10.799,0.683056
10.8,0.683192
10.81,0.683339
10.811,0.683496
10.812,0.683662
10.813,0.683839
10.814,0.684028
10.815,0.684229
10.815,0.684443
10.817,0.684671
10.827,0.68491
10.828,0.685166
10.829,0.685437
10.83,0.685724
10.83,0.686027
10.834,0.686344
10.835,0.686672
10.836,0.687008
10.843,0.68735
10.844,0.687699
10.845,0.688053
10.846,0.688411
10.847,0.688772
10.848,0.689135
10.849,0.689498
10.849,0.689862
10.86,0.690225
10.861,0.690587
10.864,0.690945
10.865,0.691297
10.866,0.691642
10.867,0.69198
10.867,0.692309
10.868,0.692631
10.877,0.692945
10.878,0.69325
10.879,0.693548
10.88,0.693837
10.881,0.694116
10.882,0.694388
10.882,0.69465
10.885,0.694903
10.894,0.695149
10.895,0.695387
10.896,0.695617
10.897,0.695839
10.898,0.696052
10.899,0.696258
10.9,0.696455
10.901,0.696644
10.91,0.696824
10.911,0.696996
10.912,0.697159
10.913,0.697312
10.916,0.697457
10.917,0.697597
10.918,0.697731
10.918,0.697859
10.927,0.697981
10.928,0.698096
10.929,0.698206
10.93,0.698329
10.931,0.69847
10.932,0.698609
10.933,0.698742
10.934,0.698871
10.944,0.698994
10.948,0.699103
10.949,0.69917
10.95,0.699204
10.951,0.699224
10.952,0.699218
10.953,0.699176
10.954,0.699092
10.961,0.698962
10.963,0.698795
10.964,0.698687
10.965,0.698571
10.966,0.698452
10.967,0.698331
10.97,0.698209
10.971,0.698095
10.977,0.697987
10.979,0.697888
10.98,0.697796
10.981,0.697712
10.982,0.697636
10.985,0.697568
10.986,0.697508
10.987,0.697457
10.994,0.697416
10.995,0.697385
10.996,0.697363
10.999,0.697349
11,0.697342
11.001,0.697343
11.001,0.697352
11.002,0.697369
11.011,0.697394
11.012,0.697426
11.013,0.697468
11.014,0.697518
11.014,0.697577
11.015,0.697646
11.016,0.697724
11.017,0.697813
11.028,0.697912
11.029,0.69802
11.03,0.698138
11.031,0.698267
11.032,0.698407
11.033,0.698559
11.034,0.698725
11.035,0.698904
11.045,0.699098
11.045,0.699307
11.046,0.699532
11.047,0.699774
11.048,0.700033
11.051,0.700307
11.053,0.700593
11.054,0.700891
11.061,0.701202
11.063,0.701525
11.064,0.701857
11.065,0.7022
11.065,0.70255
11.066,0.702907
11.067,0.70327
11.068,0.703638
11.078,0.704008
11.079,0.704378
11.081,0.704746
11.082,0.705109
11.083,0.705464
11.084,0.705811
11.085,0.706149
11.086,0.706478
11.095,0.706796
11.096,0.707101
11.098,0.707397
11.099,0.707681
11.099,0.707953
11.1,0.708214
11.101,0.708463
11.104,0.708701
11.112,0.70893
11.113,0.709149
11.114,0.70936
11.114,0.70956
11.116,0.709751
11.117,0.709933
11.118,0.710105
11.119,0.710267
11.128,0.71042
11.129,0.710562
11.13,0.710694
11.131,0.710816
11.134,0.710929
11.135,0.711036
11.136,0.711135
11.137,0.711228
11.145,0.711388
11.146,0.711545
11.147,0.7117
11.148,0.71185
11.149,0.711996
11.15,0.712136
11.15,0.712271
11.151,0.712401
11.162,0.712524
11.166,0.712632
11.167,0.712696
11.168,0.712725
11.168,0.712736
11.169,0.712718
11.171,0.712667
11.172,0.712589
11.179,0.712488
11.18,0.712364
11.181,0.712216
11.182,0.712045
11.182,0.711851
11.183,0.711633
11.187,0.711433
11.187,0.711272
11.196,0.711122
11.197,0.710982
11.197,0.710852
11.198,0.710733
11.199,0.710625
11.2,0.710529
11.2,0.710444
11.201,0.710371
11.213,0.710311
11.213,0.710262
11.214,0.710226
11.217,0.710202
11.218,0.710186
11.219,0.71018
11.22,0.710181
11.222,0.71019
11.229,0.710209
11.23,0.710236
11.231,0.710273
11.233,0.710319
11.234,0.710377
11.235,0.710445
11.236,0.710525
11.237,0.710617
11.246,0.710721
11.247,0.710835
11.248,0.71096
11.249,0.711094
11.249,0.711243
11.25,0.711404
11.251,0.71158
11.252,0.71177
11.263,0.711976
11.264,0.712197
11.265,0.712434
11.266,0.712688
11.266,0.712959
11.273,0.713244
11.275,0.71354
11.276,0.713846
11.28,0.714161
11.281,0.714485
11.282,0.714816
11.283,0.715149
11.284,0.715477
11.285,0.715802
11.286,0.716124
11.287,0.716442
11.296,0.716758
11.297,0.71707
11.3,0.717377
11.301,0.717677
11.302,0.717968
11.303,0.71825
11.304,0.718524
11.304,0.718785
11.313,0.719041
11.314,0.719286
11.315,0.719523
11.316,0.71975
11.316,0.719967
11.317,0.720174
11.318,0.720371
11.32,0.72056
11.33,0.72074
11.331,0.720913
11.332,0.72108
11.333,0.721239
11.334,0.721391
11.335,0.721535
11.335,0.721672
11.336,0.7218
11.347,0.721921
11.348,0.722035
11.349,0.722142
11.35,0.72224
11.353,0.722332
11.353,0.722419
11.354,0.722499
11.355,0.722575
11.364,0.722645
11.364,0.722709
11.365,0.722768
11.366,0.722821
11.367,0.722868
11.368,0.722908
11.369,0.722942
11.37,0.722968
11.38,0.722987
11.383,0.72299
11.384,0.72295
11.385,0.722877
11.386,0.722786
11.387,0.722665
11.388,0.722507
11.388,0.722306
11.397,0.722061
11.398,0.721772
11.399,0.721438
11.399,0.721059
11.4,0.720636
11.401,0.720169
11.404,0.719662
11.405,0.719124
11.414,0.718549
11.415,0.717934
11.416,0.717363
11.417,0.716771
11.418,0.71616
11.42,0.715528
11.421,0.715102
11.421,0.714691
11.431,0.714305
11.432,0.713943
11.433,0.713606
11.436,0.713295
11.437,0.713009
11.438,0.712748
11.439,0.712514
11.44,0.712305
11.447,0.712121
11.448,0.711963
11.449,0.71183
11.45,0.711724
11.451,0.711643
11.453,0.71159
11.454,0.711564
11.455,0.711566
11.465,0.711595
11.466,0.711642
11.467,0.711709
11.468,0.711797
11.468,0.711906
11.469,0.712039
11.47,0.712195
11.471,0.712377
11.481,0.712585
11.482,0.712818
11.483,0.713079
11.484,0.713368
11.485,0.713688
11.487,0.714036
11.488,0.7144
11.489,0.714778
11.498,0.715167
11.5,0.715568
11.501,0.715979
11.502,0.716398
11.503,0.716825
11.504,0.717256
11.505,0.71769
11.508,0.718127
11.515,0.718566
11.516,0.719007
11.519,0.719447
11.52,0.71988
11.521,0.720307
11.521,0.720727
11.522,0.72114
11.523,0.721545
11.531,0.721937
11.533,0.722323
11.534,0.722702
11.534,0.723071
11.535,0.723432
11.536,0.723783
11.537,0.724126
11.54,0.72446
11.548,0.724785
11.549,0.725102
11.55,0.725412
11.551,0.725715
11.552,0.72601
11.553,0.726298
11.554,0.726575
11.555,0.726845
11.565,0.727108
11.566,0.727362
11.567,0.727609
11.568,0.727847
11.57,0.728079
11.571,0.728305
11.572,0.728526
11.573,0.728741
11.582,0.728951
11.583,0.729154
11.584,0.729352
11.584,0.729544
11.585,0.729731
11.586,0.729911
11.587,0.730086
11.588,0.730254
11.599,0.730417
11.602,0.730564
11.603,0.730671
11.604,0.730748
11.605,0.730809
11.606,0.730843
11.607,0.730842
11.608,0.730799
11.615,0.730714
11.616,0.730584
11.617,0.73041
11.618,0.730192
11.618,0.730018
11.619,0.72982
11.622,0.729606
11.623,0.729382
11.632,0.729145
11.633,0.728892
11.634,0.728622
11.635,0.728335
11.636,0.72803
11.637,0.727706
11.638,0.727364
11.639,0.727002
11.649,0.72662
11.65,0.726218
11.65,0.725795
11.653,0.725352
11.654,0.724889
11.654,0.724505
11.655,0.724229
11.656,0.72398
11.665,0.723758
11.666,0.723564
11.667,0.7234
11.668,0.723265
11.669,0.723161
11.67,0.723089
11.671,0.723048
11.673,0.723041
11.682,0.723062
11.684,0.723103
11.685,0.723165
11.686,0.723247
11.687,0.723351
11.688,0.723478
11.69,0.723628
11.691,0.723803
11.699,0.724002
11.7,0.724226
11.701,0.724477
11.702,0.724756
11.703,0.725059
11.707,0.725386
11.709,0.725729
11.71,0.726082
11.716,0.726445
11.717,0.726818
11.717,0.727199
11.718,0.727588
11.719,0.727985
11.72,0.728388
11.721,0.728797
11.722,0.72921
11.732,0.729628
11.733,0.73005
11.736,0.730472
11.736,0.73089
11.737,0.731305
11.738,0.731714
11.739,0.732118
11.74,0.732516
11.749,0.732909
11.75,0.733295
11.751,0.733675
11.752,0.734049
11.753,0.734416
11.753,0.734777
11.754,0.73513
11.759,0.735476
11.766,0.735816
11.767,0.736148
11.768,0.736474
11.768,0.736791
11.769,0.737102
11.77,0.737406
11.771,0.737703
11.772,0.737994
11.783,0.738279
11.784,0.738556
11.785,0.738827
11.786,0.739091
11.788,0.739348
11.789,0.7396
11.79,0.739846
11.791,0.740083
11.8,0.740315
11.801,0.74054
11.802,0.740759
11.802,0.740971
11.803,0.741177
11.804,0.741377
11.805,0.74157
11.806,0.741757
11.817,0.741939
11.819,0.742106
11.82,0.742234
11.822,0.74233
11.822,0.74241
11.823,0.742461
11.824,0.742475
11.825,0.742448
11.833,0.742379
11.834,0.742267
11.835,0.742111
11.836,0.741912
11.837,0.741668
11.838,0.741382
11.841,0.741103
11.842,0.740858
11.85,0.740605
11.851,0.740341
11.852,0.740068
11.853,0.739783
11.854,0.739484
11.856,0.739171
11.857,0.738842
11.858,0.738496
11.867,0.738134
11.87,0.737755
11.873,0.737358
11.883,0.736942
11.886,0.736506
11.891,0.736277
11.895,0.73607
11.898,0.735889
11.901,0.735735
11.905,0.735611
11.908,0.735516
11.912,0.73545
11.914,0.735415
11.917,0.73541
11.919,0.735434
11.921,0.735488
11.928,0.73557
11.93,0.73567
11.931,0.735787
11.933,0.735923
11.936,0.736078
11.94,0.736251
11.943,0.736443
11.944,0.736655
11.945,0.736886
11.946,0.737137
11.947,0.737407
11.948,0.737698
11.95,0.738009
11.957,0.738337
11.958,0.738674
11.959,0.739013
11.962,0.739354
11.963,0.739697
11.964,0.740042
11.965,0.740388
11.966,0.740735
11.968,0.741084
11.97,0.741433
11.971,0.741784
11.979,0.742135
11.979,0.742486
11.983,0.742837
11.984,0.743185
11.985,0.743529
11.986,0.743869
11.987,0.744204
11.988,0.744534
11.995,0.74486
11.996,0.745182
11.997,0.745499
11.998,0.745811
11.998,0.746119
11.999,0.746422
12,0.746719
12.003,0.747012
12.012,0.7473
12.013,0.74758
12.014,0.747856
12.014,0.748127
12.015,0.748392
12.016,0.748651
12.017,0.748905
12.017,0.749153
12.029,0.749396
12.03,0.749633
12.031,0.749864
12.032,0.750089
12.034,0.750309
12.035,0.750523
12.036,0.750734
12.037,0.750941
12.046,0.751143
12.047,0.751341
12.048,0.751533
12.049,0.751721
12.05,0.751904
12.051,0.752083
12.052,0.752256
12.053,0.752424
12.063,0.752586
12.066,0.752735
12.066,0.752847
12.067,0.752927
12.068,0.752989
12.069,0.753021
12.069,0.753016
12.07,0.752969
12.079,0.752878
12.08,0.752742
12.081,0.752561
12.082,0.752336
12.082,0.752092
12.083,0.751841
12.086,0.751567
12.087,0.75128
12.096,0.750975
12.1,0.750653
12.103,0.750311
12.106,0.749949
12.109,0.749565
12.112,0.74916
12.116,0.748733
12.119,0.748282
12.124,0.747808
12.127,0.74731
12.129,0.747028
12.136,0.746762
12.138,0.746518
12.139,0.746298
12.141,0.746104
12.143,0.745935
12.144,0.745793
12.146,0.745677
12.147,0.745589
12.149,0.745527
12.15,0.745494
12.151,0.745489
12.153,0.745512
12.154,0.745564
12.158,0.745641
12.159,0.745737
12.16,0.745853
12.161,0.745989
12.163,0.746146
12.163,0.746324
12.165,0.746525
12.166,0.746749
12.169,0.746996
12.17,0.747266
12.171,0.74756
12.174,0.747877
12.175,0.74822
12.178,0.748586
12.179,0.748964
12.18,0.749347
12.186,0.749734
12.187,0.750125
12.188,0.75052
12.189,0.750918
12.19,0.751319
12.195,0.751722
12.196,0.752128
12.197,0.752536
12.203,0.752945
12.204,0.753356
12.207,0.753766
12.208,0.754173
12.209,0.754576
12.21,0.754975
12.211,0.75537
12.212,0.75576
12.219,0.756146
12.221,0.756526
12.222,0.756902
12.223,0.757272
12.224,0.757637
12.226,0.757997
12.227,0.758351
12.231,0.758693
12.236,0.759031
12.237,0.759362
12.239,0.759686
12.24,0.760004
12.241,0.760315
12.242,0.760619
12.243,0.760916
12.244,0.761204
12.253,0.761485
12.254,0.761759
12.256,0.762027
12.257,0.762284
12.26,0.762537
12.261,0.762787
12.262,0.763032
12.263,0.763274
12.27,0.763511
12.271,0.763744
12.272,0.763972
12.273,0.764196
12.274,0.764414
12.276,0.764628
12.278,0.764837
12.279,0.76504
12.287,0.765237
12.29,0.76542
12.291,0.765568
12.292,0.765685
12.293,0.765786
12.294,0.765858
12.294,0.765892
12.295,0.765886
12.304,0.765901
12.305,0.765894
12.306,0.765869
12.307,0.765826
12.308,0.765767
12.308,0.765689
12.312,0.765597
12.313,0.765497
12.32,0.765384
12.321,0.765257
12.322,0.765114
12.323,0.764954
12.324,0.764776
12.324,0.764582
12.325,0.764368
12.326,0.764137
12.337,0.763886
12.338,0.763619
12.339,0.763344
12.342,0.76306
12.343,0.762768
12.345,0.762465
12.345,0.762151
12.346,0.761825
12.354,0.761485
12.355,0.761131
12.356,0.760762
12.357,0.760377
12.358,0.760078
12.359,0.759888
12.36,0.759717
12.361,0.759568
12.371,0.759441
12.372,0.759338
12.373,0.759258
12.374,0.759202
12.375,0.759171
12.375,0.759166
12.376,0.759186
12.377,0.759234
12.387,0.759309
12.389,0.759411
12.39,0.759541
12.391,0.759699
12.392,0.759886
12.395,0.760098
12.396,0.760326
12.397,0.760567
12.404,0.760821
12.405,0.761086
12.407,0.761363
12.408,0.761649
12.409,0.761945
12.41,0.762249
12.41,0.76256
12.411,0.762878
12.421,0.763201
12.424,0.76353
12.435,0.763862
12.439,0.76419
12.442,0.764515
12.445,0.764837
12.448,0.765154
12.451,0.765466
12.453,0.765774
12.455,0.766078
12.458,0.766376
12.46,0.766669
12.461,0.766958
12.463,0.767241
12.465,0.767519
12.477,0.767792
12.478,0.768059
12.479,0.768319
12.481,0.768572
12.482,0.768818
12.483,0.769057
12.484,0.76929
12.486,0.769516
12.486,0.769735
12.495,0.769948
12.496,0.770155
12.497,0.770355
12.498,0.770548
12.501,0.770728
12.502,0.770905
12.503,0.771076
12.504,0.771239
12.511,0.771396
12.512,0.771545
12.513,0.771688
12.514,0.771823
12.515,0.771976
12.516,0.772147
12.517,0.772311
12.519,0.772469
12.528,0.77262
12.533,0.772758
12.534,0.772861
12.535,0.772933
12.536,0.772983
12.538,0.773003
12.539,0.773004
12.54,0.772997
12.545,0.772971
12.546,0.772923
12.547,0.772856
12.548,0.772768
12.549,0.772659
12.55,0.77253
12.553,0.772383
12.555,0.772223
12.562,0.772048
12.563,0.771858
12.564,0.771651
12.565,0.771427
12.566,0.771187
12.567,0.77093
12.568,0.770656
12.568,0.770367
12.579,0.770061
12.58,0.769738
12.581,0.769397
12.584,0.76904
12.585,0.76867
12.586,0.768284
12.587,0.767882
12.587,0.767464
12.596,0.767029
12.597,0.766577
12.597,0.766108
12.598,0.765621
12.599,0.765116
12.6,0.764592
12.605,0.76405
12.607,0.763707
12.613,0.763378
12.615,0.763073
12.618,0.762792
12.621,0.762535
12.623,0.762304
12.625,0.762098
12.627,0.761919
12.629,0.761768
12.631,0.761644
12.634,0.761548
12.636,0.761479
12.639,0.761438
12.642,0.761427
12.647,0.761443
12.648,0.761479
12.65,0.761536
12.651,0.761614
12.651,0.761712
12.652,0.76183
12.653,0.761967
12.654,0.762123
12.655,0.762298
12.657,0.762489
12.658,0.762698
12.665,0.762921
12.666,0.763159
12.67,0.763408
12.671,0.76366
12.672,0.763912
12.674,0.764166
12.675,0.764419
12.677,0.764671
12.682,0.764922
12.683,0.76517
12.684,0.765416
12.685,0.765659
12.686,0.765899
12.688,0.766135
12.689,0.766367
12.692,0.766594
12.699,0.766813
12.7,0.767024
12.701,0.767227
12.702,0.767421
12.703,0.767606
12.705,0.767781
12.708,0.767948
12.709,0.768105
12.716,0.768252
12.717,0.768387
12.718,0.768513
12.719,0.768628
12.724,0.768733
12.725,0.768827
12.726,0.76891
12.727,0.768982
12.732,0.769042
12.734,0.76909
12.735,0.769127
12.736,0.769152
12.737,0.769165
12.738,0.769194
12.739,0.769242
12.74,0.769278
12.75,0.769304
12.761,0.769308
12.764,0.76927
12.769,0.769196
12.774,0.769104
12.78,0.769004
12.783,0.768909
12.786,0.768806
12.788,0.768695
12.791,0.768575
12.793,0.768447
12.795,0.768308
12.797,0.76816
12.799,0.76802
12.803,0.767883
12.804,0.767757
12.805,0.767641
12.807,0.767537
12.809,0.767444
12.81,0.767363
12.811,0.767294
12.812,0.767237
12.813,0.767192
12.814,0.76716
12.819,0.767141
12.821,0.767135
12.822,0.767142
12.825,0.767161
12.826,0.767189
12.827,0.767226
12.828,0.767272
12.829,0.767325
12.836,0.767387
12.837,0.767452
12.838,0.767528
12.839,0.767612
12.84,0.767704
12.841,0.767803
12.842,0.767911
12.843,0.768028
12.853,0.768153
12.854,0.768285
12.855,0.768423
12.855,0.768569
12.856,0.768722
12.857,0.768883
12.858,0.769054
12.859,0.769233
12.87,0.769423
12.87,0.769624
12.871,0.769835
12.872,0.770058
12.873,0.770293
12.876,0.77054
12.877,0.770796
12.878,0.771062
12.886,0.771337
12.887,0.77162
12.888,0.77191
12.89,0.772206
12.891,0.772507
12.892,0.772812
12.893,0.773116
12.894,0.773423
12.903,0.773728
12.904,0.774031
12.907,0.77433
12.908,0.77462
12.909,0.774902
12.91,0.775175
12.912,0.775438
12.913,0.775691
12.92,0.775934
12.921,0.776165
12.922,0.776386
12.923,0.776594
12.924,0.776791
12.925,0.776976
12.926,0.777149
12.929,0.77731
12.937,0.777462
12.938,0.777604
13.11,0.777736
13.113,0.77786
13.116,0.777973
13.119,0.778076
13.122,0.77817
13.126,0.778254
13.129,0.778326
13.132,0.778389
13.135,0.778442
13.138,0.778485
13.148,0.77852
13.151,0.778548
13.155,0.778571
13.158,0.778587
13.162,0.778598
13.166,0.778602
13.169,0.778601
13.172,0.778594
13.175,0.778583
13.178,0.778568
13.184,0.778548
13.187,0.778523
13.19,0.778493
13.199,0.778449
13.202,0.778365
13.206,0.778247
13.209,0.778108
13.212,0.777941
13.214,0.777738
13.217,0.777496
13.22,0.777286
13.223,0.777093
13.226,0.7769
13.227,0.776707
13.23,0.776516
13.232,0.776325
13.238,0.776137
13.24,0.775956
13.241,0.775782
13.243,0.775615
13.244,0.775457
13.246,0.775306
13.247,0.775163
13.248,0.775028
13.25,0.774901
13.251,0.774783
13.255,0.774673
13.256,0.774572
13.257,0.774479
13.26,0.774392
13.261,0.774311
13.262,0.774236
13.263,0.774166
13.264,0.774103
13.271,0.774045
13.273,0.773993
13.274,0.773948
13.275,0.77391
13.276,0.773878
13.277,0.773853
13.279,0.773836
13.28,0.773827
13.288,0.773824
13.289,0.773828
13.291,0.773837
13.292,0.773854
13.293,0.773877
13.297,0.773908
13.298,0.773947
13.299,0.773993
13.305,0.774047
13.306,0.774109
13.307,0.774181
13.309,0.774262
13.309,0.774354
13.313,0.774456
13.314,0.774566
13.315,0.774683
13.322,0.774806
13.323,0.774936
13.324,0.775071
13.325,0.77521
13.326,0.775353
13.328,0.775501
13.328,0.775651
13.329,0.775805
13.339,0.77596
13.34,0.776116
13.343,0.776272
13.345,0.776425
13.346,0.776575
13.347,0.776721
13.349,0.776862
13.35,0.776999
13.356,0.77713
13.357,0.777256
13.358,0.777376
13.359,0.777489
13.36,0.777597
13.36,0.777698
13.361,0.777792
13.364,0.777881
13.373,0.777963
13.373,0.778041
13.374,0.778112
13.375,0.778177
13.376,0.778235
13.377,0.778288
13.378,0.778333
13.379,0.778372
13.389,0.778404
13.391,0.778429
13.392,0.778448
13.393,0.778462
13.396,0.778469
13.397,0.778471
13.398,0.778469
13.399,0.778463
13.406,0.778453
13.407,0.778437
13.408,0.778416
13.409,0.778389
13.41,0.778358
13.411,0.778322
13.412,0.778281
13.413,0.778235
13.423,0.778184
13.426,0.778119
13.427,0.778014
13.428,0.777876
13.429,0.777716
13.429,0.777527
13.43,0.777303
13.431,0.777039
13.44,0.776839
13.443,0.776634
13.444,0.776428
13.445,0.776224
13.446,0.77602
13.447,0.775817
13.45,0.775617
13.45,0.775424
13.456,0.775239
13.457,0.775062
13.458,0.774893
13.459,0.774733
13.46,0.77458
13.461,0.774437
13.461,0.774302
13.462,0.774174
13.473,0.774055
13.474,0.773943
13.476,0.77384
13.478,0.773743
13.479,0.773653
13.48,0.773569
13.481,0.773491
13.482,0.773419
13.49,0.773353
13.491,0.773295
13.492,0.773242
13.493,0.773197
13.493,0.773159
13.494,0.773127
13.495,0.773101
13.496,0.773083
13.507,0.773072
13.508,0.773066
13.509,0.773065
13.511,0.773071
13.512,0.773082
13.513,0.773098
13.514,0.773119
13.515,0.773147
13.524,0.773181
13.525,0.773223
13.526,0.773273
13.527,0.773332
13.528,0.773399
13.53,0.773476
13.531,0.773558
13.532,0.77365
13.54,0.77375
13.541,0.773857
13.542,0.773972
13.543,0.774094
13.544,0.774221
13.545,0.774354
13.546,0.774492
13.548,0.774634
13.557,0.774779
13.558,0.774927
13.561,0.775075
13.562,0.77522
13.563,0.775362
13.564,0.775499
13.565,0.775633
13.566,0.775762
13.574,0.775886
13.575,0.776006
13.576,0.776119
13.577,0.776227
13.578,0.77633
13.579,0.776426
13.58,0.776516
13.583,0.7766
13.591,0.776678
13.592,0.776751
13.593,0.776819
13.594,0.776879
13.595,0.776934
13.596,0.776983
13.597,0.777024
13.597,0.777059
13.607,0.777087
13.608,0.777108
13.61,0.777123
13.611,0.777131
13.614,0.777134
13.615,0.777131
13.616,0.777124
13.616,0.777111
13.624,0.777093
13.625,0.777069
13.627,0.777039
13.629,0.777003
13.63,0.776961
13.632,0.776912
13.633,0.7769
13.635,0.776882
13.641,0.776856
13.643,0.776818
13.645,0.776741
13.646,0.77663
13.647,0.776499
13.647,0.776339
13.648,0.776159
13.65,0.775968
13.657,0.775761
13.658,0.775537
13.659,0.775296
13.66,0.775039
13.661,0.774817
13.662,0.774594
13.665,0.774373
13.666,0.774161
13.674,0.773958
13.675,0.773763
13.676,0.773578
13.677,0.773403
13.678,0.773237
13.679,0.77308
13.68,0.772934
13.68,0.772797
13.691,0.772671
13.692,0.772555
13.693,0.772449
13.695,0.772354
13.697,0.772266
13.698,0.772186
13.699,0.772114
13.7,0.772051
13.708,0.771995
13.709,0.771949
13.71,0.771912
13.71,0.771883
13.711,0.771864
13.712,0.771854
13.713,0.77185
13.714,0.771855
13.724,0.771869
13.726,0.771889
13.727,0.771916
13.728,0.771949
13.729,0.771989
13.73,0.772036
13.731,0.772092
13.732,0.772155
13.741,0.772228
13.742,0.77231
13.743,0.772403
13.744,0.772507
13.746,0.772623
13.749,0.772748
13.75,0.772883
13.751,0.773026
13.758,0.773178
13.759,0.773338
13.76,0.773506
13.761,0.77368
13.762,0.773859
13.763,0.774043
13.763,0.774229
13.764,0.774417
13.775,0.774606
13.776,0.774796
13.779,0.774985
13.78,0.775171
13.781,0.775352
13.781,0.775528
13.782,0.775698
13.783,0.775863
13.791,0.77602
13.793,0.776171
13.794,0.776315
13.795,0.776451
13.796,0.776579
13.797,0.776699
13.799,0.776811
13.801,0.776914
13.808,0.777011
13.809,0.777102
13.811,0.777185
13.812,0.777262
13.812,0.777331
13.814,0.777394
13.815,0.777448
13.816,0.777496
13.825,0.777536
13.826,0.777568
13.827,0.777592
13.828,0.777608
13.831,0.777616
13.832,0.777619
13.833,0.777619
13.834,0.777614
13.842,0.777605
13.846,0.777591
13.851,0.777574
13.855,0.777552
13.86,0.777526
13.863,0.777495
13.866,0.77746
13.868,0.777419
13.87,0.777373
13.877,0.777313
13.878,0.777213
13.88,0.777079
13.881,0.776924
13.883,0.776741
13.884,0.776521
13.885,0.776285
13.887,0.776066
13.888,0.775863
13.89,0.77566
13.891,0.775456
13.893,0.775253
13.894,0.77505
13.899,0.774849
13.901,0.774656
13.902,0.774469
13.903,0.774291
13.904,0.774121
13.906,0.773959
13.907,0.773804
13.908,0.773659
13.909,0.773521
13.91,0.773393
13.911,0.773273
13.912,0.773162
13.914,0.773061
13.917,0.772968
13.918,0.772882
13.919,0.772803
13.92,0.772731
13.921,0.772666
13.928,0.772609
13.929,0.77256
13.93,0.772519
13.931,0.772484
13.932,0.772457
13.933,0.772438
13.934,0.772425
13.934,0.772421
13.945,0.772424
13.948,0.772432
13.952,0.772447
13.954,0.772468
13.956,0.772495
13.958,0.772529
13.961,0.77257
13.963,0.772618
13.965,0.772674
13.967,0.772738
13.968,0.772812
13.971,0.772896
13.973,0.77299
13.978,0.773096
13.98,0.773209
13.981,0.773329
13.982,0.773456
13.983,0.773588
13.984,0.773725
13.985,0.773866
13.987,0.774013
13.99,0.774163
13.991,0.774316
13.992,0.774473
13.997,0.77463
13.998,0.774789
14.001,0.774948
14.002,0.775104
14.003,0.775255
14.005,0.775403
14.006,0.775544
14.007,0.775681
14.013,0.775813
14.014,0.775939
14.015,0.776059
14.016,0.776172
14.017,0.776279
14.017,0.776379
14.018,0.776473
14.022,0.776559
14.03,0.77664
14.031,0.776714
14.032,0.776782
14.033,0.776845
14.034,0.7769
14.035,0.776949
14.036,0.776992
14.037,0.777028
14.047,0.777057
14.048,0.777081
14.049,0.777099
14.05,0.777111
14.053,0.777116
14.054,0.777118
14.055,0.777116
14.056,0.777109
14.064,0.777097
14.065,0.777079
14.066,0.777057
14.066,0.77703
14.067,0.776998
14.068,0.776961
14.069,0.776919
14.07,0.776873
14.08,0.776823
14.083,0.776758
14.084,0.776653
14.085,0.776515
14.086,0.776355
14.086,0.776173
14.087,0.775973
14.089,0.775753
14.097,0.775512
14.098,0.775283
14.099,0.775078
14.1,0.774874
14.101,0.774669
14.102,0.774465
14.104,0.774264
14.105,0.77407
14.114,0.773883
14.115,0.773704
14.116,0.773534
14.117,0.773371
14.118,0.773217
14.119,0.773072
14.12,0.772936
14.122,0.772808
14.131,0.772689
14.132,0.77258
14.132,0.77248
14.135,0.772388
14.136,0.772304
14.137,0.772227
14.138,0.772158
14.14,0.772096
14.148,0.772041
14.149,0.771993
14.149,0.771952
14.15,0.771918
14.151,0.77189
14.152,0.77187
14.153,0.771857
14.155,0.771853
14.164,0.771856
14.166,0.771866
14.167,0.771883
14.168,0.771906
14.169,0.771936
14.17,0.771972
14.172,0.772017
14.173,0.77207
14.181,0.772131
14.182,0.772203
14.183,0.772283
14.184,0.772374
14.185,0.772476
14.187,0.772589
14.188,0.772709
14.189,0.772837
14.198,0.772972
14.199,0.773113
14.2,0.773258
14.201,0.773409
14.202,0.773563
14.203,0.773722
14.204,0.773884
14.204,0.774048
14.215,0.774215
14.216,0.774382
14.219,0.774549
14.219,0.774713
14.221,0.774873
14.222,0.775028
14.223,0.775178
14.224,0.775323
14.232,0.775462
14.233,0.775594
14.234,0.77572
14.235,0.775839
14.236,0.77595
14.237,0.776055
14.238,0.776152
14.24,0.776242
14.249,0.776327
14.25,0.776405
14.251,0.776476
14.251,0.77654
14.252,0.776598
14.253,0.776648
14.254,0.776691
14.254,0.776727
14.266,0.776756
14.266,0.776776
14.267,0.776789
14.268,0.776794
14.271,0.776794
14.272,0.776789
14.273,0.776779
14.274,0.776765
14.282,0.776746
14.284,0.776724
14.285,0.776698
14.286,0.776667
14.286,0.776632
14.287,0.776592
14.288,0.776547
14.289,0.776497
14.299,0.776441
14.302,0.77637
14.303,0.776259
14.304,0.776113
14.305,0.775946
14.307,0.775771
14.308,0.775579
14.309,0.775368
14.316,0.77514
14.317,0.774893
14.318,0.774684
14.319,0.774472
14.32,0.774261
14.321,0.77405
14.325,0.773842
14.326,0.773642
14.333,0.77345
14.334,0.773266
14.335,0.77309
14.336,0.772922
14.337,0.772764
14.338,0.772614
14.339,0.772473
14.341,0.772342
14.349,0.77222
14.351,0.772107
14.352,0.772004
14.355,0.771911
14.356,0.771825
14.357,0.771746
14.358,0.771675
14.359,0.771611
14.366,0.771556
14.367,0.771509
14.368,0.771471
14.369,0.771441
14.37,0.77142
14.371,0.771408
14.372,0.771406
14.373,0.771413
14.383,0.771428
14.384,0.771447
14.385,0.771472
14.386,0.771502
14.389,0.771539
14.391,0.771583
14.392,0.771635
14.394,0.771694
14.4,0.771762
14.401,0.77184
14.405,0.771927
14.406,0.772026
14.407,0.772136
14.411,0.772257
14.412,0.772386
14.413,0.772524
14.417,0.77267
14.418,0.772823
14.419,0.772982
14.42,0.773146
14.421,0.773312
14.423,0.773483
14.424,0.773657
14.425,0.773833
14.433,0.774011
14.434,0.77419
14.437,0.774367
14.438,0.774541
14.439,0.77471
14.44,0.774873
14.441,0.775032
14.442,0.775184
14.45,0.77533
14.451,0.775468
14.453,0.7756
14.454,0.775725
14.455,0.775843
14.456,0.775953
14.457,0.776056
14.46,0.776152
14.467,0.776241
14.468,0.776323
14.469,0.7764
14.471,0.776469
14.472,0.776531
14.474,0.776586
14.475,0.776634
14.476,0.776673
14.484,0.776705
14.485,0.776729
14.486,0.776745
14.487,0.776755
14.49,0.776758
14.491,0.776757
14.492,0.776752
14.493,0.776743
14.501,0.776728
14.502,0.776709
14.503,0.776685
14.504,0.776657
14.505,0.776625
14.506,0.776588
14.507,0.776546
14.508,0.7765
14.517,0.776448
14.52,0.776383
14.521,0.776277
14.522,0.776137
14.523,0.775976
14.524,0.775786
14.525,0.77556
14.529,0.775327
14.534,0.775071
14.535,0.77486
14.537,0.774646
14.538,0.774431
14.539,0.774217
14.54,0.774003
14.544,0.773792
14.545,0.773589
14.551,0.773393
14.552,0.773206
14.553,0.773026
14.554,0.772856
14.555,0.772694
14.557,0.77254
14.558,0.772396
14.559,0.772261
14.567,0.772135
14.569,0.772019
14.57,0.771912
14.573,0.771814
14.574,0.771723
14.576,0.77164
14.577,0.771564
14.579,0.771496
14.584,0.771436
14.585,0.771384
14.586,0.77134
14.587,0.771305
14.591,0.771279
14.592,0.771261
14.593,0.771253
14.594,0.771254
14.601,0.771262
14.602,0.771275
14.604,0.771293
14.608,0.771317
14.609,0.771347
14.61,0.771384
14.611,0.771429
14.613,0.771482
14.618,0.771544
14.619,0.771615
14.62,0.771696
14.621,0.771787
14.623,0.771888
14.626,0.772001
14.627,0.772121
14.628,0.772249
14.634,0.772383
14.635,0.772523
14.638,0.772668
14.639,0.772818
14.64,0.772973
14.642,0.773132
14.644,0.773294
14.645,0.773459
14.651,0.773625
14.652,0.773792
14.655,0.77396
14.657,0.774123
14.658,0.774283
14.66,0.774437
14.661,0.774587
14.662,0.774731
14.668,0.774869
14.669,0.775001
14.67,0.775127
14.671,0.775247
14.672,0.77536
14.674,0.775465
14.675,0.775564
14.678,0.775655
14.685,0.775741
14.686,0.77582
14.687,0.775892
14.688,0.775958
14.69,0.776017
14.691,0.776069
14.692,0.776114
14.693,0.776151
14.701,0.776182
14.702,0.776205
14.704,0.776223
14.705,0.776233
14.708,0.776238
14.709,0.776239
14.71,0.776235
14.711,0.776226
14.718,0.776213
14.719,0.776194
14.721,0.776172
14.722,0.776144
14.723,0.776112
14.724,0.776075
14.725,0.776033
14.726,0.775986
14.735,0.775934
14.739,0.775868
14.741,0.775761
14.742,0.775621
14.743,0.775459
14.744,0.775268
14.745,0.775068
14.747,0.774845
14.752,0.774602
14.753,0.77437
14.754,0.77416
14.755,0.773951
14.757,0.773742
14.758,0.773533
14.761,0.773327
14.762,0.773129
14.768,0.772938
14.77,0.772755
14.771,0.77258
14.773,0.772414
14.774,0.772256
14.775,0.772107
14.776,0.771967
14.777,0.771836
14.785,0.771714
14.786,0.771602
14.787,0.771499
14.79,0.771405
14.791,0.771318
14.793,0.771238
14.795,0.771166
14.796,0.771102
14.802,0.771045
14.803,0.770996
14.804,0.770956
14.807,0.770924
14.808,0.770901
14.809,0.770886
14.81,0.77088
14.811,0.770881
14.819,0.770891
14.82,0.770906
14.821,0.770926
14.822,0.770953
14.824,0.770986
14.825,0.771026
14.826,0.771073
14.827,0.771129
14.835,0.771194
14.837,0.771268
14.838,0.771352
14.839,0.771447
14.841,0.771554
14.844,0.771672
14.847,0.771798
14.848,0.771933
14.852,0.772073
14.854,0.772219
14.857,0.77237
14.858,0.772526
14.86,0.772686
14.861,0.772851
14.861,0.773018
14.862,0.773188
14.869,0.77336
14.87,0.773532
14.873,0.773704
14.875,0.773872
14.876,0.774036
14.877,0.774195
14.878,0.774349
14.879,0.774496
14.886,0.774638
14.887,0.774773
14.888,0.774901
14.889,0.775023
14.89,0.775137
14.892,0.775245
14.894,0.775345
14.897,0.775438
14.903,0.775525
14.904,0.775605
14.905,0.775678
14.907,0.775744
14.909,0.775804
14.91,0.775856
14.911,0.775901
14.912,0.775939
14.92,0.775969
14.921,0.775991
14.923,0.776006
14.924,0.776015
14.927,0.776017
14.928,0.776015
14.93,0.776009
14.93,0.775998
14.936,0.775981
14.938,0.775961
14.939,0.775936
14.941,0.775905
14.942,0.77587
14.943,0.77583
14.944,0.775784
14.945,0.775734
14.953,0.775678
14.957,0.775609
14.958,0.775499
14.959,0.775355
14.961,0.77519
14.962,0.775006
14.964,0.774809
14.965,0.774592
14.97,0.774357
14.971,0.774101
14.972,0.773889
14.973,0.773674
14.974,0.773459
14.975,0.773245
14.981,0.773033
14.982,0.772829
14.987,0.772633
14.988,0.772445
14.99,0.772265
14.991,0.772094
14.992,0.771931
14.993,0.771778
14.994,0.771634
14.995,0.771498
15.003,0.771373
15.004,0.771256
15.005,0.77115
15.009,0.771053
15.052,0.770963
15.072,0.77088
15.076,0.770803
15.08,0.770734
15.083,0.770673
15.087,0.77062
15.09,0.770575
15.094,0.770539
15.097,0.770512
15.101,0.770495
15.106,0.770486
15.113,0.770488
15.123,0.770498
15.128,0.770512
15.132,0.770531
15.135,0.770557
15.138,0.770589
15.141,0.770628
15.144,0.770675
15.146,0.770731
15.148,0.770796
15.15,0.77087
15.152,0.770954
15.153,0.771049
15.155,0.771157
15.159,0.771276
15.16,0.771404
15.162,0.77154
15.165,0.771684
15.166,0.771833
15.168,0.771987
15.169,0.772148
15.17,0.772312
15.171,0.772481
15.173,0.772652
15.177,0.772826
15.181,0.773002
15.183,0.773179
15.186,0.773355
15.187,0.773441
15.188,0.773611
15.189,0.773777
15.19,0.773938
15.191,0.774093
15.198,0.774242
15.199,0.774384
15.2,0.77452
15.201,0.774649
15.202,0.774771
15.204,0.774885
15.205,0.774992
15.208,0.775091
15.215,0.775184
15.216,0.77527
15.217,0.775349
15.218,0.775421
15.219,0.775486
15.22,0.775543
15.221,0.775593
15.223,0.775636
15.232,0.775671
15.233,0.775698
15.234,0.775716
15.235,0.775728
15.238,0.775733
15.239,0.775734
15.239,0.775731
15.24,0.775722
15.248,0.775709
15.249,0.775693
15.25,0.775672
15.252,0.775647
15.253,0.775617
15.254,0.775583
15.255,0.775543
15.256,0.775499
15.265,0.775449
15.269,0.775385
15.27,0.77528
15.271,0.775141
15.272,0.774981
15.274,0.774792
15.274,0.774567
15.275,0.774338
15.282,0.774086
15.283,0.773845
15.284,0.773629
15.285,0.773412
15.286,0.773196
15.287,0.77298
15.29,0.772767
15.291,0.772561
15.299,0.772364
15.3,0.772174
15.301,0.771993
15.302,0.771821
15.303,0.771657
15.304,0.771502
15.305,0.771357
15.306,0.77122
15.315,0.771093
15.316,0.770976
15.318,0.770868
15.322,0.770769
15.324,0.770678
15.325,0.770594
15.326,0.770518
15.327,0.77045
15.333,0.770389
15.336,0.770337
15.344,0.770294
15.347,0.770258
15.351,0.770232
15.354,0.770215
15.357,0.770207
15.36,0.770209
15.366,0.770218
15.368,0.770232
15.37,0.770251
15.372,0.770276
15.374,0.770307
15.375,0.770346
15.377,0.770392
15.378,0.770446
15.38,0.770509
15.381,0.770582
15.382,0.770664
15.384,0.770758
15.385,0.770863
15.389,0.770979
15.39,0.771103
15.392,0.771236
15.392,0.771373
15.394,0.771517
15.395,0.771666
15.396,0.77182
15.397,0.771978
15.398,0.772141
15.406,0.772307
15.408,0.772476
15.409,0.772646
15.41,0.772817
15.413,0.772988
15.414,0.773155
15.415,0.773318
15.416,0.773476
15.417,0.773628
15.418,0.773775
15.424,0.773916
15.426,0.774051
15.427,0.774179
15.428,0.774301
15.429,0.774416
15.43,0.774523
15.431,0.774624
15.435,0.774717
15.441,0.774803
15.442,0.774884
15.443,0.774957
15.444,0.775024
15.445,0.775084
15.446,0.775137
15.447,0.775183
15.447,0.775221
15.458,0.775252
15.459,0.775275
15.46,0.775292
15.461,0.775303
15.464,0.775307
15.465,0.775307
15.466,0.775302
15.467,0.775293
15.475,0.775279
15.476,0.775259
15.477,0.775236
15.479,0.775208
15.48,0.775176
15.481,0.77514
15.482,0.775098
15.483,0.775052
15.492,0.775
15.495,0.774934
15.496,0.774827
15.496,0.774687
15.498,0.774526
15.498,0.774335
15.499,0.774136
15.5,0.773915
15.508,0.773675
15.51,0.773443
15.511,0.773232
15.512,0.773022
15.513,0.772812
15.514,0.772602
15.517,0.772394
15.518,0.772194
15.525,0.772002
15.527,0.771818
15.528,0.771642
15.529,0.771475
15.53,0.771316
15.531,0.771165
15.532,0.771024
15.533,0.770891
15.542,0.770768
15.543,0.770654
15.546,0.770549
15.549,0.770454
15.55,0.770366
15.551,0.770285
15.552,0.770211
15.553,0.770146
15.559,0.770088
15.56,0.770038
15.562,0.769997
15.563,0.769964
15.564,0.76994
15.565,0.769925
15.566,0.769919
15.567,0.769922
15.576,0.769932
15.577,0.769948
15.578,0.769969
15.579,0.769995
15.58,0.770028
15.581,0.770068
15.582,0.770116
15.583,0.770172
15.593,0.770237
15.594,0.77031
15.595,0.770394
15.596,0.770488
15.597,0.770594
15.601,0.770712
15.602,0.770838
15.603,0.770973
15.609,0.771113
15.61,0.77126
15.611,0.771412
15.612,0.771569
15.613,0.77173
15.615,0.771896
15.616,0.772065
15.616,0.772236
15.626,0.772409
15.627,0.772583
15.63,0.772756
15.631,0.772926
15.633,0.773091
15.634,0.773251
15.635,0.773406
15.636,0.773555
15.643,0.773697
15.644,0.773833
15.645,0.773962
15.645,0.774085
15.646,0.7742
15.647,0.774309
15.648,0.774409
15.651,0.774502
15.659,0.774589
15.661,0.77467
15.662,0.774743
15.662,0.77481
15.664,0.77487
15.664,0.774922
15.665,0.774968
15.666,0.775006
15.676,0.775036
15.677,0.775058
15.678,0.775074
15.679,0.775083
15.682,0.775086
15.683,0.775084
15.684,0.775078
15.685,0.775067
15.693,0.775051
15.694,0.775032
15.695,0.775008
15.696,0.774978
15.697,0.774944
15.698,0.774905
15.699,0.774862
15.699,0.774813
15.71,0.774759
15.712,0.774691
15.713,0.774583
15.714,0.774441
15.716,0.774277
15.717,0.774084
15.718,0.773883
15.719,0.77366
15.726,0.773417
15.727,0.773183
15.728,0.772972
15.729,0.772761
15.731,0.77255
15.732,0.772339
15.735,0.772131
15.737,0.77193
15.743,0.771738
15.744,0.771553
15.746,0.771376
15.748,0.771208
15.749,0.771048
15.75,0.770897
15.751,0.770754
15.752,0.770621
15.76,0.770497
15.761,0.770382
15.762,0.770277
15.765,0.77018
15.766,0.770091
15.767,0.770009
15.768,0.769935
15.769,0.769868
15.777,0.769809
15.778,0.769759
15.779,0.769716
15.78,0.769682
15.781,0.769657
15.782,0.769641
15.783,0.769634
15.784,0.769637
15.793,0.769647
15.794,0.769661
15.796,0.769681
15.797,0.769706
15.798,0.769738
15.799,0.769777
15.8,0.769824
15.802,0.769879
15.81,0.769942
15.812,0.770015
15.813,0.770098
15.813,0.770192
15.814,0.770298
15.817,0.770416
15.818,0.770541
15.819,0.770669
15.827,0.770799
15.828,0.770931
15.829,0.771065
15.83,0.7712
15.832,0.771337
15.833,0.771475
15.834,0.771613
15.835,0.771753
15.844,0.771892
15.845,0.77203
15.848,0.772168
15.849,0.772302
15.85,0.772432
15.851,0.772559
15.853,0.772681
15.854,0.772799
15.861,0.772913
15.862,0.773021
15.863,0.773125
15.864,0.773223
15.865,0.773316
15.867,0.773404
15.868,0.773486
15.871,0.773564
15.877,0.773636
15.879,0.773705
15.88,0.773768
15.88,0.773827
15.881,0.773882
15.882,0.773931
15.883,0.773976
15.885,0.774015
15.894,0.774049

