0,0
0.002,0
0.003,0
0.004,0
0.005,0
0.006,0
0.006,0
0.016,0
0.017,0
0.017,0
0.018,0
0.02,0
0.021,0
0.025,0
0.026,0
0.032,0
0.033,0
0.034,0
0.035,0
0.036,0
0.037,0
0.037,0
0.038,0
0.049,0
0.05,0
0.051,0
0.054,0
0.055,0
0.056,0
0.057,0
0.058,0
0.066,0
0.067,0
0.068,0
0.069,0
0.07,0
0.07,0
0.071,0
0.072,0
0.083,0
0.084,0
0.085,0
0.086,0
0.087,0
0.088,0
0.089,0
0.09,0
0.1,0
0.101,0
0.102,0
0.103,0
0.104,0
0.112,0
0.113,0
0.114,0
0.116,0
0.117,0
0.118,0
0.119,0
0.12,0
0.121,0
0.122,0
0.123,0
0.133,0
0.134,0
0.138,0
0.141,0
0.142,0
0.143,0
0.144,0
0.145,0
0.151,0
0.152,0
0.153,0
0.155,0
0.157,0
0.158,0
0.164,0
0.168,0
0.169,0
0.17,0
0.171,0
0.172,0
0.173,0
0.174,0
0.175,0
0.176,0
0.185,0
0.193,0
0.195,0
0.197,0
0.2,0
0.202,0
0.203,0
0.203,0
0.204,0
0.205,0
0.206,0
0.207,0
0.208,0
0.209,0
0.21,0
0.211,0
0.219,0
0.223,0
0.224,0
0.226,0
0.227,0
0.228,0
0.229,0
0.23,0
0.236,0
0.237,0
0.238,0
0.239,0
0.24,0
0.243,0
0.246,0
0.247,0
0.252,0
0.253,0
0.254,0
0.255,0
0.256,0
0.257,0
0.257,0
0.258,0
0.269,0
0.27,0
0.271,0
0.274,0
0.275,0
0.276,0
0.277,0
0.278,0
0.286,0
0.288,0
0.289,0
0.29,0
0.291,0
0.292,0
0.293,0
0.294,0
0.302,0
0.304,0
0.304,0
0.305,0
0.306,0
0.307,0
0.308,0
0.31,0
0.325,0
0.329,0
0.33,0
0.331,0
0.332,0
0.336,0
0.337,0
0.338,0
0.339,0
0.34,0
0.341,0
0.342,0
0.348,0
0.349,0
0.35,0
0.352,0
0.353,0
0.354,0
0.358,0
0.359,0
0.36,0
0.361,0
0.362,0
0.363,0
0.373,0
0.374,0
0.375,0
0.376,0
0.377,0
0.379,0
0.38,0
0.384,0
0.39,0
0.391,0
0.392,0
0.393,0
0.394,0
0.395,0
0.397,0
0.398,0
0.409,0
0.41,0
0.411,0
0.412,0
0.416,0
0.418,0
0.419,0
0.42,0
0.426,0
0.427,0
0.428,0
0.43,0
0.431,0
0.432,0
0.433,0
0.434,0
0.443,0
0.446,0
0.447,0
0.448,0
0.449,0
0.45,0
0.451,0
0.452,0
0.459,0
0.461,0
0.462,0
0.463,0
0.464,0
0.465,0
0.477,0
0.479,0
0.48,0
0.481,0
0.482,0
0.483,0
0.484,0
0.485,0
0.486,0
0.487,0
0.494,0
0.495,0
0.496,0
0.5,0
0.501,0
0.502,0
0.503,0
0.504,0
0.513,0
0.514,0
0.515,0
0.517,0
0.518,0
0.519,0
0.52,0
0.522,0
0.534,0
0.536,0
0.537,0
0.544,0
0.546,0
0.548,0
0.55,0
0.552,0
0.554,0
0.556,0
0.559,0
0.561,0
0.564,0
0.568,0
0.57,0
0.572,0
0.573,0
0.575,0
0.577,0
0.579,0
0.581,0
0.584,0
0.585,0
0.588,0
0.589,0
0.591,0
0.595,0
0.597,0
0.599,0
0.6,0
0.602,0
0.604,0
0.606,0
0.608,0
0.61,0
0.611,0
0.614,0
0.615,0
0.616,0
0.621,0
0.624,0
0.625,0
0.627,0
0.629,0
0.631,0
0.633,0
0.635,0
0.636,0
0.64,0
0.642,0
0.644,0
0.645,0
0.649,0
0.651,0
0.652,0
0.654,0
0.657,0
0.658,0
0.66,0
0.662,0
0.664,0
0.666,0
0.668,0
0.669,0
0.674,0
0.686,0
0.687,0
0.688,0
0.689,0
0.691,0
0.697,0
0.698,0
0.7,0
0.701,0
0.703,0
0.704,0
0.706,0
0.708,0
0.713,0
0.716,0
0.718,0
0.72,0
0.722,0
0.725,0
0.726,0
0.728,0
0.73,0
0.733,0
0.735,0
0.737,0
0.739,0
0.743,0
0.745,0
0.747,0
0.75,0
0.752,0
0.754,0
0.756,0
0.758,0
0.759,0
0.761,0
0.763,0
0.765,0
0.768,0
0.773,0
0.775,0
0.776,0
0.786,0
0.787,0
0.788,0
0.789,0
0.79,0
0.791,0
0.793,0
0.794,0
0.795,0
0.798,0
0.802,0
0.806,0
0.807,0
0.809,0
0.81,0
0.812,0
0.814,0
0.816,0
0.817,0
0.819,0
0.82,0
0.823,0
0.823,0
0.827,0
0.828,0
0.829,0
0.83,0
0.831,0
0.832,0
0.839,0
0.84,0
0.841,0
0.842,0
0.843,0
0.844,0
0.845,0
0.848,0
0.856,0
0.857,0
0.858,0
0.859,0
0.86,0
0.861,0
0.862,0
0.863,0
0.873,0
0.874,0
0.874,0
0.875,0
0.878,0
0.879,0
0.88,0
0.881,0
0.889,0
0.89,0
0.891,0
0.892,0
0.893,0
0.894,0
0.895,0
0.896,0
0.906,0
0.91,0
0.911,0
0.912,0
0.913,0
0.913,0
0.914,0
0.915,0
0.923,0
0.924,0
0.925,0
0.926,0
0.927,0
0.928,0
0.931,0
0.932,0
0.94,0
0.941,0
0.942,0
0.943,0
0.944,0
0.944,0
0.945,0
0.946,0
0.956,0
0.958,0
0.959,0
0.962,0
0.963,0
0.964,0
0.968,0
0.969,0
0.973,0
0.974,0
0.975,0
0.976,0
0.977,0
0.978,0
0.979,0
0.979,0
0.99,0
0.991,0
0.992,0
0.993,0
0.994,0
0.995,0
0.996,0
0.997,0
1.007,0
1.01,0
1.014,0
1.017,0
1.019,0
1.033,0
1.035,0
1.037,0
1.038,0
1.039,0
1.041,0
1.042,0
1.044,0
1.045,0
1.046,0
1.047,0
1.05,0
1.051,0
1.054,0
1.055,0
1.057,0
1.061,0
1.062,0
1.064,0
1.066,0
1.067,0
1.068,0
1.068,0
1.069,0
1.07,0
1.07,0
1.073,0
1.083,0
1.084,0
1.085,0
1.085,0
1.086,0
1.087,0
1.088,0
1.089,0
1.1,0
1.101,0
1.101,0
1.102,0
1.106,0
1.107,0
1.108,0
1.109,0
1.117,0
1.118,0
1.119,0
1.12,0
1.121,0
1.122,0
1.124,0
1.125,0
1.133,0
1.136,0
1.137,0
1.138,0
1.504,0
1.505,0
1.506,0
1.507,0
1.508,0
1.509,0
1.51,0
1.513,0
1.514,0
1.515,0
1.518,0
1.52,0
1.521,0
1.522,0
1.524,0
1.525,0
1.527,0
1.528,0
1.529,0
1.531,0
1.538,0
1.539,0
1.54,0
1.543,0
1.544,0
1.545,0
1.545,0
1.546,0
1.554,0
1.556,0
1.558,0
1.559,0
1.56,0
1.561,0
1.562,0
1.563,0
1.571,0
1.572,0
1.575,0
1.576,0
1.578,0
1.579,0
1.58,0
1.582,0
1.588,0
1.589,0
1.59,0
1.595,0
1.596,0
1.6,0
1.601,0
1.602,0
1.605,0
2.042,0
2.043,0
2.044,0
2.046,0
2.047,0
2.048,0
2.049,0
2.051,0
2.052,0
2.056,0
2.058,0
2.059,0
2.06,0
2.062,0
2.063,0
2.064,0
2.065,0
2.067,0
2.068,0
2.069,0
2.07,0
2.071,0
2.075,0
2.076,0
2.078,0
2.079,0
2.08,0
2.082,0
2.083,0
2.084,0
2.085,0
2.096,0
2.099,0
2.101,0
2.103,0
2.112,0
2.115,0
2.118,0
2.12,0
2.122,0
2.129,0
2.131,0
2.389,0
2.39,0
2.391,0
2.392,0
2.394,0
2.395,0
2.399,0
2.401,0
2.402,0
2.403,0
2.404,0
2.405,0
2.407,0
2.408,0
2.409,0
2.41,0
2.411,0
2.412,0
2.413,0
2.417,0
2.419,0
2.422,0
2.424,0
2.427,0
2.429,0
2.431,0
2.432,0
2.433,0
2.434,0
2.439,0
2.44,0
2.441,0
2.445,0
2.446,0
2.447,0
2.448,0
2.449,0
2.455,0
2.457,0
2.458,0
2.46,0
2.899,0
2.904,0
2.908,0
2.912,0
2.927,0
2.934,0
2.937,0
2.94,0
2.941,0
2.943,0
2.946,0
2.949,0
2.95,0
2.951,0
2.952,0
2.953,0
2.954,0
2.958,0
2.959,0
2.96,0
2.963,0
2.964,0
2.966,0
2.967,0
2.968,0
2.968,0
2.969,0
2.97,0
2.98,0
2.981,0
2.984,0
2.985,0
2.985,0
2.986,0
2.987,0
3.078,0
3.08,0
3.081,0
3.082,0
3.082,0
3.083,0
3.084,0
3.085,0
3.088,0
3.095,0
3.096,0
3.097,0
3.098,0
3.099,0
3.1,0
3.101,0
3.102,0
3.112,0
3.113,0
3.115,0
3.116,0
3.119,0
3.12,0
3.121,0
3.122,0
3.129,0
3.133,0
3.136,0
3.141,0
3.144,0
3.148,0
3.151,0
3.154,0
3.157,0
3.167,0
3.17,0
3.173,0
3.177,0
3.18,0
3.183,0
3.186,0
3.189,0
3.195,0
3.198,0
3.2,0
3.202,0
3.203,0
3.208,0
3.21,0
3.211,0
3.212,0
3.214,0
3.215,0
3.216,0
3.218,0
3.219,0
3.22,0
3.221,0
3.222,0
3.224,0
3.227,0
3.228,0
3.229,0
3.23,0
3.231,0
3.237,0
3.238,0
3.238,0
3.239,0
3.241,0
3.244,0
3.245,0
3.245,0
3.253,0
3.254,0
3.255,0
3.256,0
3.258,0
3.26,0
3.262,0
3.263,0
3.27,0
3.271,0
3.272,0
3.273,0
3.276,0
3.28,0
3.281,0
3.282,0
3.287,0
3.288,0
3.288,0
3.289,0
3.29,0
3.291,0
3.293,0
3.295,0
3.304,0
3.304,0
3.307,0
3.308,0
3.308,0
3.31,0
3.311,0
3.312,0
3.32,0
3.321,0
3.322,0
3.323,0
3.324,0
3.325,0
3.326,0
3.329,0
3.337,0
3.338,0
3.339,0
3.34,0
3.341,0
3.343,0
3.344,0
3.345,0
3.354,0
3.355,0
3.356,0
3.356,0
3.359,0
3.36,0
3.361,0
3.362,0
3.371,0
3.372,0
3.373,0
3.374,0
3.375,0
3.376,0
3.377,0
3.379,0
3.388,0
3.39,0
3.391,0
3.392,0
3.393,0
3.395,0
3.396,0
3.397,0
3.405,0
3.406,0
3.406,0
3.407,0
3.408,0
3.41,0
3.413,0
3.414,0
3.421,0
3.422,0
3.423,0
3.424,0
3.425,0
3.429,0
3.43,0
3.431,0
3.438,0
3.439,0
3.44,0
3.444,0
3.445,0
3.447,0
3.448,0
3.449,0
3.455,0
3.456,0
3.457,0
3.458,0
3.459,0
3.46,0
3.461,0
3.461,0
3.472,0
3.473,0
3.474,0
3.478,0
3.479,0
3.48,0
3.481,0
3.482,0
3.488,0
3.489,0
3.491,0
3.491,0
3.492,0
3.496,0
3.498,0
3.499,0
3.505,0
3.509,0
3.512,0
3.516,0
3.52,0
3.525,0
3.528,0
3.532,0
3.535,0
3.54,0
3.551,0
3.553,0
3.558,0
3.561,0
3.565,0
3.568,0
3.571,0
3.574,0
3.576,0
3.578,0
3.581,0
3.582,0
3.584,0
3.587,0
3.588,0
3.59,0
3.591,0
3.592,0
3.593,0
3.594,0
3.596,0
3.597,0
3.604,0
3.605,0
3.606,0
3.608,0
3.611,0
3.612,0
3.613,0
3.614,0
3.621,0
3.624,0
3.631,0
3.634,0
3.637,0
3.639,0
3.642,0
3.644,0
3.645,0
3.651,0
3.652,0
3.654,0
3.655,0
3.657,0
3.658,0
3.659,0
3.66,0
3.661,0
3.664,0
3.665,0
3.668,0
3.668,0
3.671,0
3.672,0
3.673,0
3.677,0
3.678,0
3.679,0
3.68,0
3.681,0
3.682,0
3.683,0
3.69,0
3.691,0
3.692,0.0199979
3.696,0.037996
3.697,0.0541944
3.698,0.0687735
3.698,0.081895
3.699,0.093705
3.707,0.104334
3.708,0.113901
3.709,0.122512
3.71,0.130262
3.711,0.137236
3.713,0.143514
3.714,0.149163
3.716,0.154246
3.724,0.15882
3.725,0.162936
3.726,0.166638
3.727,0.169969
3.728,0.172965
3.732,0.175659
3.733,0.178081
3.734,0.180259
3.741,0.182216
3.742,0.183974
3.743,0.185554
3.744,0.186972
3.745,0.188245
3.748,0.189388
3.75,0.190412
3.751,0.191331
3.757,0.192154
3.758,0.192891
3.759,0.19355
3.76,0.194139
3.761,0.194665
3.762,0.195134
3.762,0.195552
3.763,0.195924
3.774,0.196253
3.775,0.196545
3.779,0.196802
3.78,0.197029
3.781,0.197227
3.782,0.197401
3.783,0.197551
3.785,0.19768
3.793,0.197791
3.794,0.197885
3.795,0.197963
3.796,0.198027
3.797,0.198079
3.798,0.198119
3.799,0.198149
3.802,0.198169
3.81,0.19818
3.811,0.198184
3.812,0.198181
3.813,0.198172
3.814,0.198156
3.814,0.198136
3.815,0.198112
3.816,0.198083
3.827,0.19805
3.828,0.198013
3.828,0.197973
3.829,0.19793
3.832,0.197885
3.833,0.197823
3.834,0.197746
3.835,0.197668
3.844,0.197587
3.845,0.197504
3.846,0.197419
3.847,0.197332
3.848,0.197244
3.848,0.197155
3.849,0.197065
3.85,0.196975
3.86,0.196883
3.863,0.196791
3.864,0.196694
3.865,0.196593
3.866,0.196489
3.867,0.196382
3.868,0.19627
3.869,0.196155
3.877,0.196037
3.878,0.195916
3.879,0.195793
3.88,0.195659
3.881,0.195518
3.882,0.195372
3.884,0.195222
3.886,0.19508
3.894,0.194954
3.895,0.194832
3.896,0.194713
3.897,0.194599
3.898,0.194488
3.899,0.194382
3.899,0.19428
3.9,0.194182
3.911,0.194089
3.913,0.193999
3.914,0.193914
3.917,0.193833
3.918,0.193754
3.919,0.193677
3.92,0.193602
3.921,0.19353
3.928,0.19346
3.929,0.193393
3.93,0.193328
3.931,0.193266
3.932,0.193206
3.933,0.19315
3.934,0.193096
3.935,0.193045
3.944,0.192998
3.945,0.192952
3.946,0.192909
3.948,0.192869
3.949,0.192832
3.949,0.192797
3.951,0.192765
3.952,0.192735
3.961,0.192709
3.962,0.192685
3.963,0.192664
3.965,0.192646
3.966,0.192632
3.969,0.19262
3.97,0.192612
3.971,0.192605
3.978,0.1926
3.979,0.192597
3.98,0.192595
3.982,0.192594
3.983,0.192594
3.983,0.192594
3.984,0.192595
3.985,0.192597
3.995,0.192598
3.999,0.192599
4.008,0.1926
4.01,0.192599
4.013,0.192596
4.016,0.192592
4.018,0.192587
4.019,0.19258
4.021,0.192572
4.023,0.192562
4.024,0.192551
4.026,0.192537
4.027,0.192522
4.029,0.192505
4.03,0.192487
4.035,0.192468
4.036,0.192448
4.037,0.192428
4.039,0.192406
4.04,0.192384
4.041,0.192361
4.042,0.192337
4.043,0.192313
4.045,0.192289
4.047,0.192264
4.048,0.192238
4.049,0.192211
4.051,0.192184
4.054,0.192157
4.055,0.192131
4.056,0.192108
4.058,0.192084
4.063,0.192062
4.065,0.19204
4.066,0.191977
4.067,0.191879
4.067,0.191797
4.068,0.191722
4.069,0.191649
4.07,0.191577
4.08,0.191507
4.084,0.191436
4.084,0.19136
4.085,0.191279
4.086,0.191197
4.088,0.191112
4.089,0.191025
4.089,0.190935
4.097,0.190842
4.098,0.190746
4.099,0.190648
4.1,0.190547
4.1,0.190444
4.101,0.190325
4.104,0.190186
4.105,0.190044
4.114,0.189913
4.115,0.189797
4.116,0.189687
4.117,0.189583
4.118,0.189485
4.118,0.189393
4.119,0.189307
4.12,0.189226
4.131,0.189151
4.132,0.189081
4.132,0.189017
4.135,0.188957
4.136,0.188903
4.137,0.188852
4.138,0.188804
4.138,0.18876
4.147,0.188718
4.148,0.18868
4.149,0.188644
4.15,0.188611
4.151,0.188582
4.151,0.188556
4.152,0.188535
4.153,0.188517
4.164,0.188502
4.165,0.18849
4.166,0.188481
4.167,0.188476
4.168,0.188473
4.169,0.188475
4.17,0.18848
4.171,0.188491
4.181,0.188505
4.182,0.188522
4.183,0.188543
4.184,0.188568
4.185,0.188597
4.188,0.18863
4.189,0.188666
4.19,0.188708
4.198,0.18875
4.199,0.188796
4.2,0.188841
4.201,0.188887
4.201,0.188933
4.202,0.188982
4.203,0.18903
4.203,0.189077
4.214,0.189124
4.215,0.189171
4.218,0.189216
4.219,0.189259
4.22,0.1893
4.221,0.189341
4.222,0.189378
4.223,0.189413
4.231,0.189447
4.232,0.189478
4.234,0.189506
4.234,0.189532
4.235,0.189559
4.236,0.189582
4.237,0.189603
4.24,0.189624
4.248,0.189644
4.249,0.189664
4.25,0.189682
4.251,0.1897
4.252,0.18972
4.253,0.189739
4.254,0.189757
4.255,0.189773
4.265,0.189791
4.269,0.189807
4.274,0.189822
4.279,0.189821
4.29,0.189824
4.292,0.189829
4.295,0.189837
4.297,0.189848
4.298,0.189861
4.3,0.189881
4.302,0.189905
4.304,0.189937
4.305,0.189971
4.307,0.190017
4.308,0.190066
4.309,0.190111
4.311,0.190154
4.315,0.190191
4.316,0.190216
4.317,0.190233
4.319,0.190247
4.32,0.190252
4.321,0.190248
4.322,0.190235
4.324,0.190212
4.325,0.19018
4.326,0.190139
4.327,0.19009
4.328,0.190033
4.329,0.189968
4.332,0.189896
4.333,0.189816
4.34,0.18977
4.342,0.189728
4.344,0.189691
4.345,0.18966
4.346,0.189635
4.347,0.189615
4.348,0.1896
4.348,0.189591
4.357,0.189586
4.358,0.189586
4.359,0.18959
4.363,0.189597
4.364,0.189605
4.365,0.189613
4.366,0.189623
4.366,0.189633
4.374,0.189645
4.375,0.189658
4.376,0.189671
4.377,0.189687
4.378,0.189703
4.379,0.189721
4.38,0.189741
4.382,0.189762
4.39,0.189785
4.391,0.189809
4.393,0.189833
4.394,0.189858
4.395,0.189883
4.396,0.189911
4.397,0.189939
4.397,0.18997
4.407,0.190004
4.408,0.190039
4.409,0.190077
4.411,0.190117
4.411,0.19016
4.415,0.190205
4.416,0.190252
4.417,0.1903
4.424,0.190352
4.425,0.190403
4.426,0.190455
4.427,0.190507
4.427,0.190559
4.428,0.190611
4.429,0.190662
4.43,0.190712
4.441,0.19076
4.442,0.190807
4.445,0.190852
4.446,0.190894
4.447,0.190934
4.448,0.190971
4.449,0.191006
4.45,0.191037
4.457,0.191066
4.458,0.191092
4.459,0.191116
4.46,0.191138
4.461,0.191157
4.462,0.191174
4.463,0.191188
4.466,0.191201
4.474,0.191212
4.476,0.191222
4.477,0.191231
4.479,0.191238
4.479,0.191244
4.48,0.19125
4.481,0.191254
4.482,0.191257
4.491,0.191243
4.492,0.191228
4.493,0.191211
4.494,0.191193
4.497,0.191173
4.498,0.191154
4.499,0.191135
4.5,0.191117
4.507,0.191099
4.509,0.191082
4.511,0.191064
4.512,0.191048
4.514,0.191031
4.515,0.191016
4.516,0.191
4.516,0.190985
4.524,0.19097
4.528,0.190954
4.529,0.190934
4.53,0.190909
4.531,0.190881
4.532,0.190848
4.533,0.190807
4.534,0.190757
4.541,0.1907
4.543,0.190635
4.544,0.190563
4.545,0.190483
4.546,0.190396
4.547,0.190301
4.55,0.190219
4.55,0.190159
4.559,0.190105
4.56,0.190058
4.561,0.190017
4.563,0.189983
4.564,0.189955
4.566,0.189932
4.566,0.189916
4.567,0.189904
4.574,0.189898
4.575,0.189897
4.576,0.1899
4.58,0.189907
4.581,0.189915
4.582,0.189925
4.583,0.189937
4.584,0.18995
4.591,0.189965
4.592,0.189982
4.593,0.190001
4.594,0.190021
4.595,0.190044
4.596,0.190069
4.597,0.190096
4.598,0.190125
4.608,0.190157
4.609,0.190189
4.611,0.190222
4.612,0.190257
4.612,0.190292
4.613,0.19033
4.615,0.190368
4.616,0.190409
4.625,0.190451
4.626,0.190494
4.627,0.190539
4.628,0.190585
4.629,0.190633
4.631,0.190682
4.632,0.190731
4.633,0.19078
4.641,0.19083
4.643,0.190879
4.644,0.190931
4.644,0.19098
4.645,0.191029
4.646,0.191078
4.647,0.191126
4.648,0.191173
4.658,0.191219
4.659,0.191264
4.662,0.191307
4.663,0.191347
4.664,0.191385
4.665,0.191421
4.666,0.191454
4.667,0.191485
4.675,0.191513
4.677,0.191538
4.678,0.191562
4.678,0.191583
4.68,0.191603
4.68,0.191621
4.681,0.191638
4.684,0.191653
4.692,0.191668
4.693,0.191681
4.694,0.191695
4.695,0.191708
4.696,0.19172
4.697,0.191732
4.699,0.191743
4.703,0.191755
4.709,0.191765
4.709,0.191776
4.711,0.191786
4.711,0.191796
4.714,0.191807
4.715,0.191819
4.716,0.191834
4.716,0.19183
4.725,0.19181
4.726,0.191793
4.727,0.191779
4.728,0.191767
4.729,0.191758
4.73,0.19175
4.731,0.191745
4.732,0.191742
4.742,0.191741
4.745,0.191739
4.746,0.191733
4.747,0.191722
4.748,0.191707
4.748,0.19169
4.749,0.19167
4.75,0.191638
4.759,0.191599
4.76,0.191551
4.76,0.191496
4.761,0.191432
4.762,0.191361
4.763,0.191283
4.765,0.191197
4.766,0.191105
4.776,0.191006
4.776,0.190898
4.778,0.190821
4.779,0.190749
4.78,0.190682
4.781,0.190622
4.782,0.190568
4.783,0.190521
4.792,0.190478
4.793,0.190442
4.795,0.19041
4.798,0.190383
4.799,0.190359
4.8,0.190339
4.8,0.190321
4.802,0.190306
4.809,0.190293
4.81,0.190283
4.811,0.190275
4.812,0.190269
4.813,0.190266
4.814,0.190266
4.815,0.190268
4.816,0.190274
4.826,0.190282
4.827,0.190291
4.828,0.190303
4.829,0.190315
4.83,0.190329
4.831,0.190345
4.831,0.190363
4.832,0.190384
4.842,0.190406
4.844,0.19043
4.845,0.190467
4.845,0.190494
4.846,0.190521
4.849,0.19055
4.85,0.190579
4.851,0.190609
4.859,0.190639
4.86,0.190669
4.861,0.190699
4.863,0.190728
4.863,0.190758
4.865,0.190786
4.866,0.190813
4.867,0.190839
4.876,0.190866
4.877,0.190889
4.881,0.190911
4.882,0.190931
4.882,0.190949
4.883,0.190966
4.884,0.190982
4.885,0.190996
4.893,0.191008
4.895,0.191019
4.896,0.191027
4.897,0.191034
4.897,0.19104
4.898,0.191043
4.899,0.191046
4.902,0.191047
4.91,0.191048
4.911,0.19105
4.912,0.191051
4.913,0.191053
4.914,0.191054
4.915,0.191056
4.916,0.191057
4.917,0.191059
4.927,0.19106
4.928,0.191062
4.929,0.191063
4.93,0.191065
4.933,0.191068
4.934,0.191073
4.935,0.191081
4.936,0.191092
4.943,0.191105
4.945,0.191082
4.946,0.191064
4.946,0.19105
4.947,0.191039
4.948,0.191031
4.949,0.191025
4.949,0.19102
4.96,0.191018
4.963,0.191016
4.964,0.191008
4.965,0.190996
4.966,0.190981
4.967,0.190963
4.967,0.190943
4.968,0.19092
4.977,0.190885
4.978,0.190842
4.979,0.190791
4.98,0.190733
4.981,0.190667
4.982,0.190595
4.985,0.190516
4.986,0.19043
4.994,0.190337
4.995,0.190277
4.996,0.190222
4.997,0.190172
4.997,0.190128
4.999,0.19009
5,0.190057
5,0.19003
5.011,0.190009
5.012,0.189992
5.013,0.189979
5.015,0.18997
5.016,0.189963
5.017,0.189957
5.018,0.189954
5.019,0.189952
5.028,0.189952
5.029,0.189954
5.03,0.189957
5.031,0.189963
5.031,0.18997
5.033,0.189979
5.034,0.18999
5.035,0.190003
5.044,0.190018
5.046,0.190033
5.047,0.190049
5.048,0.190065
5.048,0.190083
5.049,0.1901
5.053,0.190119
5.054,0.190138
5.061,0.190159
5.062,0.19018
5.063,0.190201
5.064,0.190224
5.064,0.190248
5.067,0.190272
5.068,0.190296
5.069,0.190322
5.078,0.190347
5.079,0.190373
5.08,0.190397
5.081,0.19042
5.082,0.190443
5.083,0.190465
5.083,0.190486
5.084,0.190505
5.095,0.190523
5.097,0.19054
5.1,0.190554
5.1,0.190567
5.101,0.190578
5.102,0.190587
5.104,0.190596
5.104,0.190602
5.111,0.190605
5.112,0.190608
5.113,0.190609
5.114,0.190609
5.115,0.190607
5.116,0.190605
5.116,0.1906
5.119,0.190594
5.128,0.190589
5.129,0.190583
5.131,0.190577
5.131,0.19057
5.132,0.190564
5.133,0.190557
5.134,0.19055
5.135,0.190544
5.145,0.190537
5.146,0.19053
5.147,0.190523
5.148,0.190515
5.15,0.190508
5.151,0.190502
5.152,0.190498
5.152,0.190495
5.162,0.190493
5.163,0.190468
5.164,0.190425
5.165,0.190386
5.166,0.190349
5.166,0.190314
5.167,0.19028
5.168,0.190248
5.178,0.190216
5.182,0.190185
5.183,0.190148
5.184,0.190107
5.184,0.190063
5.185,0.190016
5.186,0.189966
5.187,0.189914
5.195,0.189857
5.196,0.189791
5.197,0.189717
5.198,0.189636
5.199,0.189547
5.199,0.189452
5.202,0.18935
5.203,0.189241
5.212,0.189174
5.213,0.189113
5.214,0.189059
5.215,0.189011
5.216,0.18897
5.216,0.188935
5.217,0.188907
5.218,0.188885
5.229,0.188869
5.23,0.188858
5.231,0.188852
5.234,0.188849
5.235,0.188849
5.236,0.188851
5.237,0.188855
5.238,0.188862
5.245,0.18887
5.246,0.188881
5.247,0.188893
5.248,0.188908
5.249,0.188926
5.25,0.188945
5.251,0.188966
5.251,0.188991
5.262,0.189015
5.263,0.189041
5.264,0.189068
5.265,0.189095
5.266,0.189124
5.267,0.189154
5.268,0.189185
5.268,0.189218
5.279,0.189252
5.442,0.189287
5.445,0.189324
5.448,0.189362
5.451,0.1894
5.46,0.18944
5.464,0.189478
5.466,0.189517
5.469,0.189555
5.472,0.189593
5.475,0.189631
5.478,0.189669
5.481,0.189706
5.484,0.189742
5.487,0.189777
5.49,0.189812
5.494,0.189845
5.496,0.189877
5.511,0.189907
5.514,0.189938
5.519,0.189965
5.522,0.18999
5.526,0.190013
5.529,0.190035
5.533,0.190055
5.536,0.190072
5.539,0.190088
5.545,0.190102
5.55,0.190114
5.556,0.190125
5.559,0.190135
5.566,0.190143
5.567,0.190152
5.57,0.190163
5.571,0.190171
5.574,0.190179
5.576,0.190188
5.577,0.190196
5.579,0.190204
5.58,0.190211
5.584,0.190219
5.585,0.190226
5.587,0.190234
5.589,0.190241
5.595,0.190248
5.597,0.190257
5.599,0.190267
5.6,0.190279
5.601,0.190292
5.602,0.190245
5.603,0.190207
5.604,0.190172
5.604,0.190141
5.605,0.190112
5.607,0.190084
5.609,0.190059
5.618,0.190034
5.62,0.19001
5.622,0.189979
5.622,0.189944
5.624,0.189906
5.624,0.189865
5.625,0.189822
5.627,0.189777
5.635,0.189729
5.636,0.189665
5.637,0.189592
5.638,0.189513
5.638,0.189427
5.639,0.189335
5.643,0.189236
5.644,0.189131
5.652,0.18902
5.653,0.188902
5.654,0.1888
5.654,0.188725
5.655,0.188658
5.656,0.188597
5.658,0.188544
5.66,0.188497
5.669,0.188456
5.67,0.188422
5.671,0.188394
5.674,0.188371
5.675,0.188352
5.676,0.188336
5.676,0.188323
5.677,0.188313
5.686,0.188305
5.686,0.188301
5.687,0.188299
5.688,0.188299
5.689,0.188304
5.69,0.188311
5.691,0.18832
5.692,0.188332
5.702,0.188347
5.703,0.188362
5.704,0.188378
5.705,0.188395
5.706,0.188412
5.707,0.188431
5.709,0.188452
5.711,0.188473
5.719,0.188495
5.72,0.188519
5.721,0.188544
5.723,0.188569
5.724,0.188596
5.726,0.188623
5.727,0.188652
5.729,0.188681
5.736,0.188712
5.737,0.188742
5.738,0.188772
5.739,0.188802
5.739,0.188832
5.74,0.188863
5.742,0.188893
5.743,0.188922
5.753,0.188951
5.754,0.188978
5.757,0.189005
5.758,0.18903
5.759,0.189056
5.76,0.18908
5.762,0.189102
5.763,0.189124
5.77,0.189144
5.771,0.189163
5.771,0.18918
5.772,0.189196
5.773,0.18921
5.774,0.189223
5.775,0.189235
5.779,0.189248
5.786,0.189261
5.787,0.189275
5.788,0.18929
5.789,0.189305
5.79,0.189321
5.791,0.189338
5.791,0.189355
5.792,0.189373
5.803,0.189391
5.804,0.189392
5.805,0.189394
5.806,0.189396
5.809,0.189399
5.81,0.189404
5.811,0.189413
5.812,0.189423
5.82,0.189435
5.821,0.189449
5.822,0.189464
5.823,0.189481
5.824,0.1895
5.825,0.18952
5.826,0.189542
5.827,0.189564
5.837,0.189587
5.84,0.18961
5.841,0.189625
5.842,0.189634
5.843,0.189636
5.844,0.18963
5.845,0.189614
5.846,0.18959
5.853,0.189556
5.854,0.189513
5.855,0.18946
5.856,0.189398
5.857,0.189328
5.859,0.189248
5.862,0.18916
5.863,0.189064
5.87,0.18896
5.871,0.188846
5.872,0.188722
5.873,0.18866
5.874,0.188606
5.874,0.18856
5.875,0.188522
5.877,0.188491
5.887,0.188468
5.888,0.18845
5.889,0.188439
5.892,0.188433
5.893,0.18843
5.894,0.18843
5.895,0.188432
5.896,0.188436
5.904,0.188443
5.905,0.188452
5.906,0.188463
5.907,0.188476
5.908,0.18849
5.909,0.188506
5.91,0.188522
5.911,0.18854
5.921,0.188559
5.922,0.188578
5.923,0.188597
5.924,0.188617
5.926,0.188637
5.927,0.18866
5.928,0.188684
5.929,0.188708
5.938,0.188734
5.939,0.18876
5.94,0.188788
5.941,0.188816
5.942,0.188845
5.945,0.188875
5.946,0.188905
5.947,0.188936
5.955,0.188968
5.959,0.189
5.961,0.189031
5.964,0.189062
5.967,0.189092
5.97,0.189122
5.973,0.189151
5.976,0.189179
5.979,0.189207
5.982,0.189233
5.993,0.189258
5.996,0.189282
5.999,0.189304
6.002,0.189325
6.005,0.189345
6.008,0.189363
6.011,0.189379
6.014,0.189394
6.016,0.189407
6.018,0.189418
6.02,0.189428
6.022,0.189436
6.024,0.189442
6.03,0.189447
6.031,0.189451
6.033,0.189453
6.034,0.189455
6.035,0.189455
6.037,0.189456
6.038,0.189456
6.039,0.189456
6.04,0.189455
6.047,0.189455
6.048,0.189439
6.049,0.189422
6.05,0.189405
6.053,0.189386
6.054,0.189368
6.055,0.189351
6.057,0.189335
6.063,0.189317
6.064,0.189301
6.065,0.189284
6.067,0.189268
6.068,0.189252
6.069,0.189236
6.072,0.18922
6.072,0.189205
6.08,0.189189
6.083,0.189173
6.084,0.189151
6.085,0.189125
6.085,0.189093
6.086,0.189052
6.087,0.189006
6.088,0.18895
6.097,0.188885
6.098,0.188809
6.098,0.188725
6.099,0.188631
6.1,0.188528
6.1,0.188415
6.103,0.188294
6.104,0.188248
6.114,0.18821
6.114,0.188182
6.115,0.188162
6.116,0.18815
6.117,0.188146
6.118,0.188149
6.119,0.188159
6.12,0.188175
6.13,0.188196
6.131,0.188222
6.132,0.188252
6.135,0.188284
6.136,0.188317
6.136,0.188351
6.137,0.188386
6.138,0.188422
6.147,0.188458
6.148,0.188496
6.149,0.188534
6.15,0.188574
6.15,0.188615
6.151,0.188657
6.152,0.1887
6.153,0.188745
6.164,0.18879
6.165,0.188836
6.166,0.188883
6.167,0.18893
6.167,0.188978
6.168,0.189026
6.169,0.189075
6.17,0.189125
6.181,0.189175
6.182,0.189226
6.182,0.189277
6.183,0.189328
6.184,0.189379
6.187,0.189429
6.188,0.189478
6.189,0.189525
6.197,0.189571
6.199,0.189616
6.2,0.189659
6.201,0.189701
6.202,0.189741
6.204,0.189779
6.205,0.189816
6.206,0.189852
6.214,0.189886
6.215,0.189918
6.218,0.189948
6.219,0.189977
6.22,0.190004
6.22,0.19003
6.221,0.190055
6.222,0.190078
6.231,0.1901
6.232,0.190121
6.233,0.19014
6.234,0.190157
6.235,0.190172
6.236,0.190187
6.237,0.1902
6.24,0.190211
6.247,0.19022
6.248,0.190228
6.249,0.190234
6.251,0.190241
6.252,0.190246
6.253,0.19025
6.254,0.190253
6.255,0.190256
6.264,0.19026
6.265,0.190263
6.266,0.190267
6.267,0.190271
6.27,0.190275
6.271,0.190281
6.271,0.190289
6.272,0.190281
6.281,0.190257
6.282,0.190233
6.284,0.190212
6.285,0.190193
6.286,0.190175
6.287,0.190158
6.288,0.190142
6.288,0.190127
6.298,0.190113
6.301,0.190099
6.302,0.190081
6.303,0.190058
6.303,0.190031
6.304,0.189999
6.305,0.189962
6.306,0.189917
6.315,0.189862
6.316,0.189797
6.317,0.189723
6.318,0.189639
6.319,0.189546
6.32,0.189445
6.323,0.189336
6.324,0.189219
6.332,0.189094
6.333,0.18896
6.334,0.188816
6.334,0.188663
6.335,0.188588
6.337,0.188523
6.338,0.188466
6.339,0.188416
6.349,0.188375
6.35,0.188341
6.35,0.188315
6.353,0.188295
6.354,0.18828
6.355,0.188269
6.356,0.188261
6.359,0.188257
6.365,0.188256
6.366,0.188259
6.367,0.188265
6.368,0.188273
6.369,0.188285
6.37,0.1883
6.371,0.188317
6.372,0.188336
6.382,0.188358
6.383,0.18838
6.384,0.188403
6.385,0.188427
6.386,0.188452
6.387,0.188477
6.388,0.188504
6.389,0.188532
6.399,0.18856
6.4,0.188588
6.401,0.188617
6.402,0.188646
6.403,0.188675
6.406,0.188704
6.406,0.188733
6.407,0.188759
6.416,0.188783
6.417,0.188806
6.418,0.188826
6.419,0.188846
6.42,0.188865
6.421,0.188883
6.421,0.1889
6.422,0.188916
6.433,0.188931
6.434,0.188944
6.436,0.188956
6.437,0.188967
6.438,0.188976
6.441,0.188985
6.442,0.188994
6.445,0.189001
6.449,0.189008
6.45,0.189015
6.451,0.189021
6.452,0.189027
6.453,0.189032
6.454,0.189038
6.455,0.189043
6.458,0.189048
6.466,0.189054
6.467,0.189061
6.469,0.189069
6.471,0.189079
6.472,0.18909
6.474,0.189103
6.474,0.189117
6.475,0.189132
6.483,0.189148
6.484,0.189166
6.485,0.189184
6.486,0.189203
6.488,0.189224
6.49,0.189249
6.493,0.189279
6.494,0.189313
6.5,0.18933
6.501,0.189335
6.502,0.189344
6.503,0.189358
6.504,0.189375
6.506,0.189395
6.507,0.18942
6.509,0.189448
6.516,0.189479
6.52,0.189511
6.521,0.18954
6.522,0.189564
6.523,0.18958
6.523,0.18959
6.524,0.189596
6.525,0.189591
6.533,0.189575
6.537,0.18955
6.54,0.189516
6.542,0.189475
6.545,0.189426
6.548,0.18937
6.559,0.189308
6.561,0.189239
6.563,0.189164
6.565,0.189081
6.566,0.188992
6.568,0.188894
6.569,0.18879
6.571,0.188678
6.573,0.188559
6.574,0.188433
6.575,0.188299
6.577,0.188159
6.578,0.188011
6.582,0.187856
6.584,0.187694
6.585,0.187524
6.586,0.187346
6.587,0.18716
6.593,0.18715
6.594,0.187164
6.595,0.187183
6.596,0.187209
6.597,0.187242
6.598,0.187281
6.599,0.187325
6.6,0.187374
6.609,0.187427
6.61,0.18748
6.611,0.187533
6.612,0.187585
6.613,0.187638
6.614,0.18769
6.615,0.187742
6.616,0.187794
6.625,0.187845
6.626,0.187896
6.627,0.187945
6.628,0.187994
6.629,0.188042
6.632,0.188089
6.634,0.188136
6.636,0.18818
6.642,0.188221
6.643,0.188261
6.644,0.188297
6.645,0.188332
6.646,0.188364
6.647,0.188394
6.648,0.188422
6.649,0.188448
6.659,0.188471
6.66,0.188491
6.663,0.18851
6.664,0.188527
6.665,0.188542
6.666,0.188556
6.667,0.188568
6.668,0.188578
6.676,0.188588
6.677,0.188596
6.678,0.188602
6.679,0.188604
6.68,0.188605
6.681,0.188604
6.682,0.188602
6.684,0.1886
6.692,0.188598
6.694,0.188597
6.695,0.188596
6.695,0.188594
6.696,0.188594
6.697,0.188594
6.698,0.188594
6.699,0.188594
6.709,0.188595
6.71,0.188597
6.711,0.188599
6.712,0.188601
6.715,0.188603
6.716,0.188608
6.716,0.188616
6.717,0.188602
6.726,0.188572
6.727,0.188546
6.728,0.188523
6.729,0.188503
6.73,0.188484
6.731,0.188469
6.733,0.188456
6.734,0.188446
6.743,0.18844
6.746,0.188435
6.747,0.188426
6.748,0.188414
6.748,0.188396
6.75,0.188373
6.75,0.188347
6.751,0.188318
6.759,0.188284
6.76,0.188241
6.761,0.188191
6.762,0.188132
6.763,0.188067
6.764,0.187995
6.767,0.187939
6.768,0.187907
6.777,0.187882
6.78,0.187863
6.782,0.187851
6.785,0.187845
6.787,0.187845
6.793,0.18785
6.795,0.18786
6.797,0.187876
6.799,0.187896
6.8,0.18792
6.802,0.187948
6.806,0.187979
6.807,0.18801
6.809,0.188041
6.81,0.188073
6.812,0.188106
6.813,0.18814
6.814,0.188174
6.815,0.188209
6.817,0.188245
6.817,0.188281
6.819,0.188319
6.82,0.188357
6.821,0.188396
6.829,0.188436
6.83,0.188475
6.831,0.188515
6.834,0.188554
6.835,0.188594
6.836,0.188634
6.837,0.188674
6.839,0.188714
6.846,0.188754
6.847,0.188795
6.848,0.188835
6.849,0.188876
6.85,0.188916
6.852,0.188956
6.853,0.188994
6.854,0.18903
6.863,0.189064
6.864,0.189095
6.865,0.189124
6.866,0.189152
6.867,0.189177
6.868,0.1892
6.869,0.189222
6.87,0.189242
6.88,0.189261
6.881,0.189278
6.884,0.189294
6.885,0.189308
6.886,0.189321
6.887,0.189332
6.888,0.189342
6.889,0.18935
6.897,0.189356
6.898,0.189361
6.898,0.189366
6.899,0.18937
6.9,0.189374
6.901,0.189376
6.902,0.189378
6.904,0.189381
6.914,0.189383
6.915,0.189384
6.916,0.189385
6.916,0.189387
6.917,0.189387
6.918,0.189388
6.919,0.189387
6.92,0.189386
6.93,0.189384
6.932,0.189383
6.932,0.189381
6.933,0.189379
6.936,0.189377
6.937,0.189376
6.938,0.189375
6.939,0.189375
6.947,0.189375
6.948,0.189376
6.949,0.189379
6.95,0.189343
6.951,0.189311
6.952,0.189281
6.953,0.189252
6.954,0.189222
6.964,0.189194
6.967,0.189164
6.968,0.189131
6.969,0.189095
6.97,0.189055
6.97,0.18901
6.971,0.188962
6.972,0.188911
6.981,0.188857
6.982,0.188801
6.983,0.188734
6.984,0.188659
6.985,0.188578
6.986,0.188489
6.988,0.188438
6.99,0.188391
6.998,0.18835
6.998,0.188314
6.999,0.188285
7,0.188261
7.001,0.188242
7.002,0.188228
7.003,0.188219
7.003,0.188214
7.014,0.188214
7.015,0.188218
7.016,0.188226
7.019,0.188237
7.02,0.18825
7.021,0.188265
7.022,0.188282
7.022,0.188301
7.031,0.188321
7.032,0.188344
7.033,0.188368
7.034,0.188394
7.035,0.188421
7.035,0.18845
7.036,0.18848
7.037,0.188511
7.048,0.188544
7.049,0.188578
7.05,0.188613
7.05,0.188648
7.051,0.188685
7.052,0.188723
7.053,0.188762
7.054,0.188803
7.065,0.188845
7.066,0.188889
7.066,0.188934
7.067,0.188981
7.068,0.189028
7.071,0.189075
7.072,0.189122
7.073,0.189171
7.081,0.189219
7.082,0.189267
7.084,0.189314
7.085,0.189361
7.086,0.189407
7.087,0.189451
7.088,0.189495
7.089,0.189537
7.098,0.189578
7.099,0.189618
7.102,0.189656
7.103,0.189691
7.104,0.189725
7.105,0.189756
7.106,0.189786
7.109,0.189812
7.115,0.189837
7.116,0.189859
7.117,0.189879
7.118,0.189897
7.119,0.189912
7.12,0.189926
7.12,0.189939
7.123,0.18995
7.132,0.189961
7.133,0.189971
7.134,0.189981
7.135,0.189989
7.136,0.189997
7.136,0.190004
7.137,0.190011
7.138,0.190017
7.149,0.190023
7.15,0.190028
7.151,0.190033
7.152,0.190037
7.154,0.190041
7.155,0.190047
7.156,0.190055
7.157,0.190064
7.166,0.190074
7.167,0.190056
7.167,0.190018
7.168,0.189985
7.169,0.189956
7.171,0.189928
7.171,0.189903
7.172,0.18988
7.182,0.189858
7.185,0.189836
7.186,0.189809
7.187,0.189776
7.188,0.189741
7.188,0.189703
7.189,0.189662
7.19,0.189618
7.199,0.189571
7.2,0.189522
7.201,0.18946
7.201,0.189378
7.202,0.189289
7.203,0.189194
7.206,0.189092
7.207,0.188983
7.216,0.188868
7.217,0.188745
7.218,0.188615
7.218,0.188525
7.22,0.188441
7.221,0.188364
7.222,0.188294
7.223,0.188232
7.233,0.188177
7.234,0.188128
7.234,0.188086
7.238,0.188051
7.238,0.188019
7.239,0.187992
7.24,0.187969
7.241,0.18795
7.249,0.187934
7.25,0.187922
7.251,0.187914
7.252,0.187909
7.253,0.187907
7.254,0.187908
7.254,0.187913
7.255,0.18792
7.266,0.187931
7.267,0.187944
7.268,0.187958
7.269,0.187975
7.27,0.187993
7.271,0.188013
7.272,0.188034
7.273,0.188057
7.283,0.18808
7.284,0.188105
7.285,0.188132
7.286,0.18816
7.287,0.18819
7.29,0.188221
7.291,0.188254
7.292,0.188287
7.3,0.18832
7.301,0.188355
7.301,0.188389
7.302,0.188424
7.303,0.188458
7.304,0.188492
7.305,0.188526
7.305,0.188559
7.316,0.188593
7.317,0.188625
7.321,0.188656
7.322,0.188686
7.322,0.188715
7.323,0.188742
7.324,0.188768
7.325,0.188792
7.333,0.188814
7.334,0.188834
7.335,0.188855
7.336,0.188873
7.337,0.18889
7.338,0.188905
7.339,0.18892
7.343,0.188935
7.35,0.18895
7.351,0.188966
7.352,0.188983
7.353,0.189001
7.353,0.18902
7.354,0.189038
7.355,0.189057
7.356,0.189077
7.367,0.189096
7.368,0.189116
7.368,0.189129
7.369,0.189134
7.372,0.18914
7.373,0.18915
7.374,0.189163
7.375,0.18918
7.384,0.189199
7.385,0.18922
7.386,0.189242
7.387,0.189266
7.388,0.189292
7.388,0.189318
7.389,0.189347
7.39,0.189376
7.4,0.189407
7.403,0.189437
7.404,0.18946
7.405,0.189477
7.406,0.189487
7.407,0.189489
7.41,0.189481
7.411,0.189465
7.417,0.189438
7.418,0.189403
7.419,0.189358
7.42,0.189305
7.421,0.189242
7.422,0.189171
7.425,0.189091
7.426,0.189003
7.434,0.188906
7.435,0.188801
7.436,0.188716
7.437,0.188665
7.438,0.188622
7.439,0.188586
7.439,0.188559
7.44,0.188538
7.451,0.188524
7.452,0.188517
7.452,0.188514
7.455,0.188516
7.456,0.188521
7.457,0.188528
7.458,0.188537
7.459,0.188548
7.467,0.188561
7.468,0.188576
7.469,0.188593
7.47,0.188611
7.471,0.18863
7.472,0.188649
7.472,0.18867
7.473,0.188692
7.484,0.188715
7.485,0.188737
7.486,0.18876
7.487,0.188783
7.488,0.188805
7.489,0.188829
7.49,0.188853
7.491,0.188878
7.501,0.188904
7.502,0.188932
7.503,0.18896
7.504,0.188988
7.505,0.189019
7.508,0.189048
7.509,0.189078
7.509,0.189109
7.518,0.18914
7.519,0.189171
7.52,0.189202
7.521,0.189232
7.522,0.189261
7.523,0.189289
7.524,0.189317
7.525,0.189343
7.535,0.189368
7.536,0.189392
7.539,0.189414
7.54,0.189434
7.541,0.189452
7.541,0.189468
7.542,0.189482
7.544,0.189494
7.552,0.189504
7.553,0.189511
7.554,0.189517
7.555,0.18952
7.556,0.189521
7.557,0.189521
7.558,0.189519
7.562,0.189516
7.568,0.189513
7.569,0.189508
7.57,0.189503
7.571,0.189497
7.572,0.18949
7.572,0.189482
7.573,0.189471
7.574,0.18946
7.585,0.189448
7.586,0.189435
7.587,0.189415
7.588,0.189388
7.591,0.189361
7.592,0.189333
7.593,0.189305
7.593,0.189276
7.602,0.189248
7.603,0.189219
7.604,0.18919
7.605,0.189161
7.606,0.189131
7.607,0.1891
7.608,0.189069
7.609,0.189037
7.619,0.189006
7.622,0.188973
7.623,0.188935
7.624,0.188894
7.624,0.188845
7.625,0.188795
7.626,0.188736
7.627,0.188668
7.635,0.188591
7.637,0.188505
7.639,0.18841
7.64,0.188306
7.641,0.188193
7.641,0.188072
7.645,0.187977
7.646,0.187923
7.652,0.187877
7.653,0.18784
7.654,0.187812
7.655,0.187793
7.656,0.187782
7.656,0.187778
7.657,0.187782
7.658,0.187791
7.669,0.187807
7.67,0.187827
7.671,0.187853
7.674,0.187882
7.675,0.187911
7.675,0.187942
7.676,0.187974
7.677,0.188007
7.686,0.188041
7.687,0.188076
7.688,0.188113
7.689,0.188151
7.69,0.188191
7.693,0.188232
7.695,0.188275
7.696,0.188319
7.703,0.188365
7.703,0.188412
7.705,0.18846
7.706,0.188508
7.706,0.18856
7.708,0.188611
7.709,0.188664
7.71,0.188717
7.719,0.188772
7.72,0.188828
7.721,0.188884
7.721,0.188941
7.722,0.188999
7.725,0.189057
7.726,0.189114
7.727,0.18917
7.736,0.189225
7.737,0.189279
7.738,0.189332
7.738,0.189383
7.74,0.189432
7.741,0.189481
7.742,0.189527
7.743,0.189573
7.753,0.189617
7.754,0.189659
7.757,0.1897
7.759,0.189739
7.76,0.189775
7.761,0.189811
7.762,0.189844
7.763,0.189877
7.77,0.189907
7.771,0.189936
7.772,0.189964
7.773,0.18999
7.774,0.190014
7.775,0.190037
7.776,0.190058
7.779,0.190078
7.786,0.190097
7.787,0.190116
7.788,0.190134
7.789,0.190152
7.79,0.190168
7.791,0.190184
7.791,0.190199
7.792,0.190213
7.803,0.190228
7.804,0.190243
7.805,0.190259
7.806,0.190274
7.809,0.19029
7.81,0.190308
7.811,0.190327
7.812,0.190331
7.82,0.190319
7.821,0.19031
7.822,0.190303
7.822,0.190297
7.823,0.190293
7.825,0.190291
7.826,0.19029
7.827,0.190291
7.837,0.190293
7.839,0.190294
7.84,0.19029
7.841,0.19028
7.843,0.190264
7.843,0.190244
7.845,0.190215
7.845,0.190176
7.853,0.190126
7.854,0.190067
7.856,0.189998
7.857,0.189919
7.858,0.189832
7.858,0.189736
7.862,0.189631
7.863,0.18952
7.87,0.1894
7.871,0.189271
7.872,0.189134
7.873,0.188987
7.874,0.188833
7.877,0.188668
7.878,0.188577
7.879,0.188495
7.887,0.188422
7.89,0.188358
7.893,0.188304
7.905,0.188258
7.907,0.18822
7.91,0.188188
7.912,0.188163
7.915,0.188144
7.916,0.18813
7.92,0.18812
7.922,0.188115
7.923,0.188115
7.925,0.188119
7.926,0.188127
7.928,0.188139
7.93,0.188154
7.934,0.188171
7.935,0.188189
7.936,0.188208
7.937,0.188227
7.938,0.188248
7.94,0.18827
7.941,0.188293
7.942,0.188317
7.943,0.188342
7.944,0.188367
7.945,0.188392
7.946,0.188417
7.947,0.188443
7.951,0.188469
7.952,0.188495
7.953,0.18852
7.957,0.188544
7.958,0.188566
7.959,0.188586
7.96,0.188604
7.961,0.188621
7.962,0.188637
7.963,0.188651
7.964,0.188665
7.974,0.188677
7.975,0.18869
7.978,0.188702
7.979,0.188713
7.98,0.188723
7.981,0.188733
7.981,0.188743
7.982,0.188752
7.991,0.188761
7.992,0.18877
7.994,0.188778
7.995,0.188785
7.996,0.18879
7.997,0.188794
7.998,0.188799
8.002,0.188804
8.008,0.188809
8.009,0.188817
8.01,0.188825
8.011,0.188835
8.012,0.188847
8.013,0.188861
8.014,0.188875
8.015,0.188892
8.024,0.188909
8.026,0.188928
8.027,0.188948
8.028,0.188969
8.031,0.188991
8.032,0.189018
8.033,0.189049
8.034,0.189084
8.041,0.189122
8.042,0.189127
8.043,0.189138
8.045,0.189154
8.046,0.189173
8.047,0.189196
8.048,0.189223
8.049,0.189254
8.058,0.189288
8.061,0.189325
8.063,0.189358
8.064,0.189386
8.065,0.189408
8.066,0.189427
8.067,0.189441
8.067,0.189444
8.075,0.189438
8.076,0.189422
8.077,0.189398
8.078,0.189367
8.079,0.189328
8.08,0.189296
8.083,0.189277
8.084,0.189262
8.091,0.189251
8.092,0.189244
8.094,0.189241
8.094,0.189241
8.095,0.189244
8.096,0.18925
8.097,0.189258
8.098,0.189269
8.108,0.189283
8.109,0.189299
8.11,0.189317
8.113,0.189337
8.114,0.189357
8.115,0.189379
8.115,0.189402
8.116,0.189426
8.125,0.189449
8.126,0.189473
8.127,0.189497
8.128,0.189522
8.129,0.189546
8.129,0.189572
8.13,0.189598
8.131,0.189624
8.143,0.189651
8.144,0.189677
8.145,0.189702
8.146,0.189728
8.147,0.189752
8.148,0.189777
8.148,0.189801
8.149,0.189825
8.158,0.189848
8.159,0.189871
8.16,0.189894
8.16,0.189916
8.161,0.189938
8.164,0.189959
8.164,0.189979
8.166,0.189996
8.175,0.190011
8.176,0.190022
8.177,0.190031
8.178,0.190037
8.179,0.190041
8.18,0.190043
8.181,0.190043
8.182,0.190041
8.192,0.190037
8.197,0.190031
8.207,0.190024
8.209,0.190016
8.211,0.190006
8.213,0.189996
8.215,0.189985
8.217,0.189973
8.219,0.18996
8.221,0.189946
8.223,0.189931
8.224,0.189916
8.226,0.189899
8.227,0.189881
8.229,0.189863
8.233,0.189844
8.234,0.189825
8.237,0.189805
8.239,0.189785
8.239,0.189765
8.24,0.189744
8.241,0.189723
8.243,0.189701
8.244,0.189678
8.246,0.189656
8.247,0.189633
8.249,0.189609
8.25,0.189585
8.254,0.189561
8.255,0.189538
8.256,0.189515
8.256,0.189492
8.259,0.189469
8.26,0.189447
8.261,0.189425
8.262,0.189376
8.263,0.189329
8.263,0.189283
8.264,0.189236
8.265,0.18919
8.276,0.189144
8.279,0.189098
8.28,0.189049
8.281,0.188995
8.281,0.188938
8.282,0.188876
8.283,0.188811
8.284,0.188743
8.293,0.188673
8.294,0.188601
8.294,0.188521
8.295,0.188435
8.296,0.188387
8.297,0.188343
8.3,0.188304
8.301,0.188269
8.309,0.188239
8.31,0.188214
8.311,0.188193
8.312,0.188177
8.313,0.188165
8.314,0.188157
8.315,0.188154
8.316,0.188155
8.326,0.18816
8.327,0.188168
8.328,0.18818
8.331,0.188195
8.332,0.188213
8.333,0.188233
8.334,0.188255
8.335,0.188281
8.343,0.188308
8.347,0.188339
8.35,0.188371
8.353,0.188405
8.357,0.188442
8.359,0.18848
8.363,0.18852
8.365,0.188562
8.37,0.188606
8.372,0.188652
8.374,0.188699
8.375,0.188747
8.377,0.188797
8.378,0.188848
8.379,0.188901
8.38,0.188956
8.382,0.189013
8.383,0.189071
8.384,0.189132
8.385,0.189194
8.386,0.189257
8.39,0.18932
8.391,0.189384
8.393,0.189448
8.396,0.189512
8.397,0.189577
8.398,0.189641
8.399,0.189705
8.399,0.189768
8.4,0.18983
8.401,0.189891
8.402,0.18995
8.413,0.190009
8.414,0.190065
8.416,0.19012
8.418,0.190172
8.419,0.190221
8.42,0.19027
8.421,0.190314
8.422,0.190356
8.429,0.190396
8.43,0.190432
8.431,0.190466
8.432,0.190497
8.432,0.190526
8.433,0.190552
8.434,0.190577
8.437,0.1906
8.446,0.190622
8.447,0.190643
8.448,0.190663
8.449,0.190682
8.45,0.1907
8.45,0.190717
8.451,0.190733
8.452,0.190748
8.463,0.190761
8.464,0.190774
8.465,0.190786
8.465,0.190798
8.468,0.190808
8.469,0.19082
8.47,0.190833
8.471,0.190846
8.48,0.190839
8.481,0.190814
8.481,0.190793
8.482,0.190773
8.483,0.190755
8.484,0.190739
8.485,0.190723
8.486,0.190709
8.497,0.190696
8.506,0.190682
8.513,0.190663
8.516,0.190641
8.519,0.190615
8.521,0.190586
8.522,0.190553
8.526,0.190513
8.528,0.190461
8.531,0.190401
8.533,0.190333
8.535,0.190258
8.537,0.190175
8.539,0.190085
8.543,0.189988
8.544,0.189885
8.545,0.189775
8.546,0.189657
8.548,0.189551
8.549,0.189465
8.55,0.189385
8.551,0.189313
8.552,0.189246
8.553,0.189187
8.554,0.189134
8.555,0.189087
8.556,0.189045
8.56,0.189009
8.561,0.188976
8.562,0.188948
8.563,0.188922
8.564,0.1889
8.568,0.18888
8.569,0.188864
8.57,0.188851
8.572,0.188841
8.573,0.188834
8.574,0.18883
8.575,0.188829
8.577,0.188831
8.584,0.188836
8.586,0.188843
8.587,0.188853
8.588,0.188864
8.589,0.188878
8.594,0.188894
8.595,0.188912
8.596,0.188933
8.601,0.188955
8.602,0.188979
8.603,0.189005
8.603,0.189031
8.604,0.189062
8.609,0.189092
8.61,0.189124
8.611,0.189157
8.618,0.189191
8.619,0.189226
8.62,0.189262
8.621,0.189298
8.622,0.189334
8.623,0.18937
8.624,0.189406
8.625,0.189442
8.635,0.189477
8.636,0.189511
8.638,0.189544
8.639,0.189578
8.64,0.189609
8.641,0.189639
8.645,0.189668
8.646,0.189696
8.652,0.189723
8.653,0.189749
8.654,0.189774
8.655,0.189799
8.656,0.189822
8.656,0.189844
8.657,0.189865
8.659,0.189888
8.668,0.189911
8.669,0.189934
8.673,0.189959
8.675,0.189985
8.676,0.190012
8.676,0.190039
8.677,0.190067
8.678,0.190096
8.685,0.190125
8.686,0.190147
8.688,0.190162
8.689,0.190178
8.691,0.190194
8.693,0.190214
8.694,0.190237
8.694,0.190264
8.702,0.190294
8.703,0.190327
8.704,0.190361
8.705,0.190398
8.706,0.190437
8.707,0.190477
8.708,0.19052
8.709,0.190565
8.719,0.190611
8.729,0.190658
8.732,0.190697
8.735,0.190731
8.737,0.190757
8.739,0.190774
8.741,0.190783
8.743,0.190782
8.745,0.190771
8.746,0.19075
8.748,0.19072
8.75,0.190681
8.751,0.190632
8.753,0.190575
8.758,0.19051
8.759,0.190437
8.76,0.190355
8.761,0.190264
8.762,0.190188
8.764,0.190138
8.765,0.190094
8.765,0.190056
8.766,0.190024
8.767,0.19
8.775,0.18998
8.775,0.189965
8.776,0.189956
8.78,0.189949
8.781,0.189945
8.782,0.189942
8.784,0.189941
8.785,0.189942
8.791,0.189943
8.792,0.189947
8.793,0.189951
8.795,0.189957
8.796,0.189964
8.797,0.189973
8.798,0.189982
8.798,0.189993
8.808,0.190004
8.809,0.190015
8.81,0.190025
8.811,0.190035
8.812,0.190045
8.813,0.190055
8.814,0.190066
8.815,0.190078
8.825,0.190091
8.826,0.190104
8.827,0.190117
8.828,0.190133
8.829,0.190149
8.832,0.190166
8.833,0.190183
8.834,0.190201
8.841,0.190219
8.843,0.190238
8.843,0.190257
8.844,0.190275
8.845,0.190292
8.846,0.190309
8.847,0.190324
8.847,0.190339
8.858,0.190352
8.859,0.190364
8.862,0.190374
8.863,0.190383
8.864,0.190389
8.865,0.190394
8.866,0.190396
8.867,0.190397
8.875,0.190395
8.876,0.190392
8.877,0.190387
8.878,0.190381
8.879,0.190373
8.882,0.190364
8.883,0.190354
8.886,0.190342
8.892,0.19033
8.893,0.190316
8.893,0.190302
8.894,0.190286
8.895,0.19027
8.896,0.190253
8.897,0.190235
8.897,0.190216
8.909,0.190196
8.91,0.190175
8.911,0.190149
8.912,0.190118
8.915,0.190086
8.916,0.190053
8.916,0.19002
8.917,0.189987
8.926,0.189953
8.927,0.189919
8.928,0.189884
8.929,0.189849
8.93,0.189813
8.93,0.189776
8.931,0.189739
8.932,0.189701
8.943,0.189663
8.945,0.189623
8.946,0.189579
8.947,0.18953
8.948,0.189479
8.949,0.189425
8.949,0.189362
8.95,0.189291
8.959,0.189211
8.96,0.189122
8.961,0.189024
8.962,0.188919
8.963,0.188805
8.964,0.188712
8.966,0.188653
8.967,0.1886
8.976,0.188556
8.977,0.188518
8.978,0.188488
8.979,0.188464
8.98,0.188447
8.981,0.188436
8.982,0.188431
8.982,0.188431
8.993,0.188437
8.994,0.188448
8.995,0.188462
8.998,0.188481
8.999,0.188502
9,0.188526
9.001,0.188552
9.002,0.188581
9.009,0.188611
9.011,0.188643
9.012,0.188677
9.013,0.188713
9.014,0.188751
9.016,0.188791
9.017,0.188833
9.018,0.188878
9.026,0.188924
9.028,0.188972
9.03,0.189021
9.031,0.189072
9.032,0.189124
9.032,0.189178
9.033,0.189233
9.034,0.189289
9.043,0.189347
9.045,0.189406
9.046,0.189467
9.047,0.189529
9.048,0.189592
9.051,0.189655
9.053,0.189717
9.054,0.189779
9.06,0.189839
9.061,0.189898
9.064,0.189956
9.065,0.190013
9.066,0.190069
9.067,0.190123
9.067,0.190176
9.068,0.190227
9.076,0.190276
9.078,0.190324
9.081,0.190371
9.082,0.190415
9.083,0.190458
9.083,0.190498
9.084,0.190537
9.085,0.190574
9.093,0.19061
9.095,0.190643
9.096,0.190675
9.097,0.190705
9.098,0.190733
9.099,0.190759
9.1,0.190784
9.103,0.190807
9.11,0.190829
9.111,0.19085
9.112,0.19087
9.113,0.190889
9.114,0.190907
9.115,0.190926
9.116,0.190944
9.117,0.190963
9.127,0.190982
9.128,0.191
9.129,0.191018
9.13,0.191035
9.133,0.191053
9.134,0.191072
9.135,0.191077
9.136,0.19107
9.144,0.191064
9.145,0.191059
9.146,0.191056
9.147,0.191053
9.149,0.191052
9.15,0.191053
9.151,0.191053
9.152,0.191054
9.16,0.191056
9.163,0.191057
9.164,0.191055
9.165,0.191048
9.166,0.191036
9.167,0.191021
9.168,0.190996
9.168,0.190963
9.177,0.19092
9.178,0.190867
9.179,0.190805
9.18,0.190734
9.181,0.190654
9.182,0.190565
9.184,0.190468
9.185,0.190364
9.194,0.190251
9.195,0.190129
9.196,0.189998
9.196,0.189858
9.197,0.189709
9.198,0.189614
9.199,0.189526
9.2,0.189447
9.211,0.189377
9.212,0.189316
9.213,0.189262
9.215,0.189216
9.216,0.189178
9.217,0.189145
9.219,0.189119
9.22,0.189098
9.228,0.189082
9.229,0.18907
9.231,0.189062
9.232,0.189058
9.233,0.189058
9.234,0.189062
9.235,0.189069
9.236,0.18908
9.244,0.189095
9.246,0.189111
9.246,0.189128
9.247,0.189147
9.248,0.189166
9.248,0.189187
9.249,0.189208
9.25,0.189229
9.261,0.189251
9.262,0.189274
9.263,0.189296
9.264,0.189319
9.265,0.189343
9.268,0.189366
9.269,0.18939
9.27,0.189414
9.278,0.189434
9.279,0.189453
9.28,0.189469
9.281,0.189484
9.281,0.189497
9.282,0.189509
9.283,0.18952
9.284,0.18953
9.295,0.189539
9.296,0.189547
9.298,0.189555
9.3,0.189562
9.301,0.189567
9.302,0.189572
9.302,0.189577
9.304,0.189582
9.311,0.189587
9.312,0.189591
9.313,0.189596
9.314,0.1896
9.315,0.189604
9.316,0.189608
9.317,0.189613
9.32,0.189619
9.328,0.189627
9.329,0.189636
9.33,0.189647
9.331,0.18966
9.332,0.189675
9.334,0.189691
9.335,0.189708
9.336,0.189727
9.345,0.189747
9.346,0.189769
9.347,0.189792
9.348,0.189817
9.351,0.189844
9.352,0.189876
9.353,0.189913
9.354,0.189955
9.362,0.189987
9.363,0.190009
9.364,0.190036
9.365,0.190066
9.366,0.190102
9.366,0.190141
9.367,0.190185
9.368,0.190232
9.378,0.190283
9.382,0.190335
9.382,0.190383
9.383,0.190426
9.384,0.190461
9.389,0.190491
9.389,0.190516
9.391,0.190531
9.395,0.190535
9.396,0.190529
9.397,0.190514
9.398,0.190491
9.398,0.190461
9.4,0.190436
9.403,0.190422
9.404,0.190411
9.412,0.190402
9.414,0.190396
9.414,0.190392
9.415,0.19039
9.416,0.190391
9.417,0.190393
9.418,0.190397
9.419,0.190403
9.429,0.19041
9.43,0.190419
9.431,0.190429
9.433,0.190441
9.434,0.190453
9.435,0.190464
9.436,0.190476
9.437,0.190488
9.445,0.190501
9.446,0.190514
9.447,0.190528
9.448,0.190543
9.449,0.190558
9.451,0.190575
9.451,0.190592
9.452,0.19061
9.462,0.190627
9.463,0.190644
9.464,0.190659
9.465,0.190675
9.466,0.190689
9.467,0.190703
9.468,0.190716
9.469,0.190728
9.479,0.190739
9.48,0.19075
9.481,0.19076
9.482,0.190769
9.483,0.190777
9.485,0.190785
9.486,0.190791
9.486,0.190794
9.496,0.190794
9.497,0.190792
9.498,0.190787
9.499,0.190781
9.499,0.190772
9.5,0.190762
9.501,0.19075
9.502,0.190737
9.512,0.190722
9.514,0.190705
9.517,0.190688
9.518,0.190669
9.519,0.190648
9.52,0.190627
9.521,0.190605
9.522,0.190581
9.529,0.190558
9.531,0.190532
9.532,0.190506
9.533,0.190479
9.535,0.190451
9.536,0.190422
9.537,0.190392
9.541,0.190361
9.546,0.19033
9.549,0.190298
9.55,0.190266
9.551,0.190233
9.552,0.190199
9.553,0.190164
9.553,0.19013
9.556,0.190094
9.563,0.190058
9.564,0.19002
9.565,0.189982
9.567,0.189944
9.571,0.189905
9.572,0.189866
9.573,0.189827
9.574,0.189789
9.58,0.189751
9.583,0.189713
9.587,0.189676
9.594,0.189628
9.598,0.189571
9.6,0.189515
9.603,0.189458
9.606,0.189401
9.611,0.189344
9.616,0.189285
9.617,0.189224
9.619,0.18916
9.621,0.18909
9.622,0.189017
9.624,0.18894
9.625,0.18886
9.626,0.188778
9.627,0.188696
9.628,0.188626
9.63,0.188577
9.631,0.188532
9.632,0.188492
9.635,0.188456
9.636,0.188424
9.637,0.188397
9.638,0.188374
9.639,0.188355
9.64,0.188341
9.641,0.18833
9.642,0.188324
9.643,0.188322
9.644,0.188324
9.654,0.18833
9.655,0.188339
9.656,0.188353
9.659,0.188369
9.661,0.188388
9.662,0.18841
9.663,0.188433
9.664,0.18846
9.669,0.188489
9.67,0.188521
9.671,0.188555
9.672,0.188592
9.673,0.18863
9.674,0.188671
9.675,0.188714
9.676,0.18876
9.685,0.188808
9.686,0.188857
9.687,0.188909
9.688,0.188961
9.689,0.189016
9.69,0.189073
9.69,0.189131
9.691,0.189192
9.702,0.189255
9.703,0.189319
9.704,0.189386
9.705,0.189454
9.706,0.189524
9.71,0.189594
9.71,0.189665
9.711,0.189736
9.719,0.189808
9.72,0.189879
9.721,0.189951
9.722,0.190022
9.723,0.190093
9.724,0.190162
9.725,0.19023
9.726,0.190297
9.736,0.190364
9.737,0.190427
9.74,0.190489
9.741,0.190548
9.742,0.190605
9.743,0.190659
9.744,0.19071
9.745,0.190758
9.753,0.190804
9.754,0.190847
9.754,0.190887
9.755,0.190924
9.759,0.190959
9.76,0.19099
9.761,0.19102
9.765,0.191048
9.77,0.191076
9.771,0.191102
9.772,0.191128
9.772,0.191153
9.773,0.191178
9.774,0.191202
9.781,0.191226
9.782,0.191249
9.786,0.191271
9.787,0.191292
9.788,0.191314
9.789,0.191334
9.792,0.191353
9.794,0.191374
9.795,0.191396
9.796,0.191401
9.803,0.19139
9.804,0.191382
9.805,0.191374
9.806,0.191368
9.807,0.191364
9.807,0.191361
9.808,0.191359
9.81,0.191358
9.82,0.191358
9.823,0.191357
9.823,0.191351
9.824,0.191341
9.825,0.191327
9.827,0.19131
9.828,0.191288
9.829,0.191255
9.837,0.191214
9.838,0.191164
9.838,0.191107
9.839,0.191041
9.84,0.190968
9.841,0.190887
9.844,0.190799
9.845,0.190706
9.853,0.190605
9.854,0.190496
9.855,0.190416
9.856,0.19034
9.857,0.19027
9.859,0.190206
9.86,0.190147
9.861,0.190094
9.87,0.190047
9.871,0.190005
9.872,0.189968
9.875,0.189935
9.876,0.189905
9.877,0.189879
9.878,0.189855
9.878,0.189835
9.887,0.189817
9.888,0.189803
9.889,0.189792
9.89,0.189782
9.89,0.189776
9.891,0.189772
9.892,0.189771
9.893,0.189772
9.904,0.189777
9.905,0.189783
9.906,0.189791
9.906,0.189801
9.907,0.189814
9.908,0.189828
9.91,0.189845
9.91,0.189864
9.92,0.189884
9.921,0.189907
9.922,0.189932
9.923,0.18996
9.925,0.18999
9.928,0.190021
9.93,0.190057
9.93,0.190091
9.937,0.190126
9.938,0.190163
9.939,0.1902
9.941,0.190237
9.943,0.190275
9.944,0.190313
9.945,0.19035
9.946,0.190387
9.954,0.190423
9.955,0.190457
9.959,0.19049
9.959,0.190522
9.96,0.190553
9.961,0.190583
9.962,0.190613
9.963,0.190643
9.971,0.190672
9.972,0.190699
9.973,0.190726
9.974,0.190751
9.975,0.190775
9.976,0.190798
9.977,0.19082
9.98,0.190842
9.988,0.190865
9.989,0.190889
9.99,0.190914
9.991,0.190939
9.992,0.190966
9.994,0.190994
9.995,0.191023
9.996,0.191052
10.005,0.191082
10.006,0.191098
10.007,0.191114
10.008,0.19113
10.011,0.191147
10.013,0.191169
10.014,0.191194
10.015,0.191222
10.022,0.191255
10.026,0.19129
10.03,0.191329
10.036,0.19137
10.044,0.191414
10.047,0.191459
10.051,0.191507
10.054,0.191557
10.057,0.191609
10.064,0.191661
10.066,0.191708
10.068,0.191748
10.07,0.191781
10.071,0.191805
10.073,0.191819
10.075,0.191823
10.076,0.191817
10.078,0.191802
10.079,0.191777
10.081,0.191743
10.082,0.191699
10.084,0.191646
10.088,0.191584
10.089,0.191515
10.091,0.191437
10.092,0.191368
10.093,0.191319
10.095,0.191274
10.096,0.191234
10.097,0.191199
10.098,0.191169
10.099,0.191143
10.1,0.191122
10.102,0.191104
10.103,0.191089
10.106,0.191077
10.107,0.191066
10.108,0.191056
10.109,0.191046
10.11,0.191038
10.116,0.191031
10.117,0.191024
10.118,0.191018
10.119,0.191013
10.12,0.191009
10.121,0.191005
10.122,0.191002
10.123,0.191
10.133,0.190999
10.134,0.190997
10.135,0.190996
10.135,0.190995
10.136,0.190995
10.137,0.190996
10.138,0.190998
10.139,0.191
10.15,0.191003
10.151,0.191006
10.152,0.19101
10.153,0.191015
10.154,0.191021
10.157,0.191029
10.158,0.191037
10.159,0.191046
10.167,0.191056
10.168,0.191066
10.169,0.191077
10.17,0.191087
10.172,0.191097
10.174,0.191106
10.175,0.191114
10.176,0.191123
10.183,0.191129
10.184,0.191133
10.187,0.191136
10.188,0.191137
10.192,0.191136
10.193,0.191133
10.194,0.191127
10.195,0.19112
10.2,0.191111
10.201,0.191101
10.202,0.191089
10.203,0.191075
10.204,0.191059
10.205,0.191041
10.206,0.191021
10.209,0.191
10.217,0.190978
10.218,0.190955
10.219,0.190931
10.22,0.190907
10.221,0.190882
10.221,0.190857
10.222,0.19083
10.223,0.190803
10.234,0.190776
10.235,0.190748
10.236,0.190716
10.237,0.190681
10.239,0.190645
10.24,0.19061
10.241,0.190574
10.243,0.190539
10.25,0.190503
10.251,0.190467
10.252,0.190431
10.253,0.190395
10.254,0.190358
10.255,0.190322
10.256,0.190286
10.257,0.190249
10.267,0.190212
10.27,0.190175
10.271,0.190133
10.272,0.190087
10.273,0.190039
10.275,0.189988
10.276,0.189928
10.277,0.18986
10.284,0.189783
10.285,0.189697
10.286,0.189602
10.288,0.1895
10.289,0.189416
10.29,0.189363
10.293,0.189316
10.294,0.189276
10.301,0.189242
10.302,0.189215
10.303,0.189193
10.305,0.189177
10.306,0.189167
10.307,0.189162
10.308,0.189162
10.309,0.189166
10.317,0.189175
10.318,0.189188
10.319,0.189205
10.322,0.189225
10.326,0.189247
10.328,0.18927
10.329,0.189296
10.33,0.189324
10.334,0.189354
10.335,0.189385
10.336,0.189418
10.337,0.189453
10.338,0.189489
10.339,0.189527
10.341,0.189568
10.342,0.18961
10.351,0.189654
10.352,0.1897
10.353,0.189748
10.354,0.189798
10.355,0.18985
10.356,0.189903
10.357,0.189958
10.358,0.190015
10.368,0.190073
10.37,0.190133
10.37,0.190194
10.371,0.190255
10.372,0.190316
10.376,0.190377
10.377,0.190435
10.378,0.190492
10.385,0.190546
10.386,0.190598
10.387,0.190648
10.388,0.190696
10.389,0.190741
10.39,0.190785
10.391,0.190827
10.392,0.190867
10.402,0.190905
10.406,0.190943
10.419,0.190979
10.422,0.191013
10.425,0.191046
10.429,0.191077
10.432,0.191107
10.438,0.191135
10.441,0.191162
10.444,0.191188
10.447,0.191212
10.449,0.191234
10.451,0.191256
10.453,0.191276
10.454,0.191295
10.459,0.191312
10.461,0.191329
10.462,0.191345
10.464,0.191361
10.471,0.191377
10.472,0.191393
10.474,0.191408
10.475,0.191422
10.477,0.191435
10.479,0.191449
10.48,0.191462
10.481,0.191474
10.482,0.191487
10.485,0.1915
10.486,0.191513
10.487,0.191514
10.489,0.191504
10.49,0.191494
10.491,0.191485
10.492,0.191475
10.493,0.191465
10.494,0.191455
10.495,0.191446
10.496,0.191436
10.497,0.191426
10.506,0.191417
10.51,0.191406
10.511,0.191391
10.512,0.191372
10.513,0.19135
10.514,0.191324
10.515,0.19129
10.516,0.191247
10.523,0.191195
10.524,0.191134
10.525,0.191063
10.527,0.190983
10.528,0.190895
10.529,0.190798
10.533,0.190693
10.534,0.190581
10.545,0.19046
10.546,0.19033
10.547,0.190191
10.548,0.190096
10.549,0.190007
10.55,0.189927
10.551,0.189855
10.552,0.189792
10.558,0.189736
10.559,0.189689
10.56,0.189648
10.564,0.189614
10.565,0.189586
10.566,0.189562
10.567,0.189543
10.568,0.189529
10.575,0.189518
10.576,0.189511
10.576,0.189508
10.577,0.189509
10.578,0.189513
10.579,0.189522
10.58,0.189535
10.58,0.189551
10.592,0.18957
10.594,0.189591
10.595,0.189615
10.597,0.189641
10.597,0.189668
10.598,0.189696
10.6,0.189724
10.601,0.189753
10.608,0.189783
10.61,0.189813
10.611,0.189844
10.612,0.189876
10.613,0.189908
10.617,0.189941
10.618,0.189972
10.619,0.190002
10.625,0.190029
10.626,0.190055
10.628,0.190079
10.63,0.190101
10.631,0.190122
10.632,0.190142
10.634,0.190161
10.635,0.190178
10.644,0.190195
10.645,0.190211
10.648,0.190226
10.649,0.190243
10.65,0.190258
10.651,0.190274
10.653,0.190289
10.659,0.190303
10.66,0.190318
10.661,0.190332
10.662,0.190347
10.663,0.190362
10.664,0.190377
10.666,0.190392
10.667,0.190408
10.672,0.190425
10.676,0.190444
10.677,0.190464
10.678,0.190486
10.679,0.190509
10.68,0.190534
10.681,0.190561
10.682,0.190589
10.684,0.190619
10.692,0.19065
10.693,0.190683
10.694,0.190717
10.695,0.190752
10.697,0.190789
10.698,0.190832
10.699,0.190879
10.7,0.190932
10.709,0.190963
10.71,0.190999
10.712,0.191039
10.713,0.191082
10.714,0.19113
10.715,0.191181
10.716,0.191235
10.717,0.191293
10.726,0.191354
10.732,0.191416
10.733,0.191474
10.734,0.191528
10.735,0.191573
10.736,0.19161
10.736,0.191639
10.737,0.191657
10.742,0.191666
10.744,0.191664
10.745,0.191654
10.746,0.191635
10.747,0.191609
10.748,0.191575
10.751,0.191555
10.752,0.191537
10.759,0.191521
10.761,0.191507
10.762,0.191497
10.763,0.191489
10.764,0.191483
10.765,0.191479
10.766,0.191478
10.767,0.191478
10.776,0.191479
10.777,0.191482
10.778,0.191486
10.78,0.191491
10.781,0.191495
10.782,0.191498
10.783,0.191501
10.784,0.191504
10.793,0.191506
10.794,0.191509
10.795,0.191512
10.796,0.191515
10.797,0.191518
10.798,0.191522
10.799,0.191526
10.8,0.19153
10.81,0.191534
10.811,0.191537
10.812,0.19154
10.813,0.191542
10.814,0.191544
10.815,0.191545
10.815,0.191546
10.817,0.191546
10.827,0.191546
10.828,0.191545
10.829,0.191543
10.83,0.19154
10.83,0.191537
10.834,0.191533
10.835,0.191528
10.836,0.191519
10.843,0.191507
10.844,0.191493
10.845,0.191475
10.846,0.191455
10.847,0.191432
10.848,0.191407
10.849,0.19138
10.849,0.191352
10.86,0.191321
10.861,0.191289
10.864,0.191256
10.865,0.191222
10.866,0.191187
10.867,0.191152
10.867,0.191115
10.868,0.191078
10.877,0.191041
10.878,0.191003
10.879,0.190964
10.88,0.190927
10.881,0.190892
10.882,0.190856
10.882,0.19082
10.885,0.190784
10.894,0.190748
10.895,0.190713
10.896,0.190677
10.897,0.190642
10.898,0.190607
10.899,0.190571
10.9,0.190535
10.901,0.190499
10.91,0.190463
10.911,0.190426
10.912,0.190389
10.913,0.190351
10.916,0.190312
10.917,0.190274
10.918,0.190238
10.918,0.190202
10.927,0.190167
10.928,0.190132
10.929,0.190099
10.93,0.190058
10.931,0.190011
10.932,0.189964
10.933,0.189917
10.934,0.18987
10.944,0.189824
10.948,0.189776
10.949,0.189725
10.95,0.189668
10.951,0.189603
10.952,0.189532
10.953,0.189457
10.954,0.189378
10.961,0.189299
10.963,0.189217
10.964,0.189167
10.965,0.189121
10.966,0.189078
10.967,0.18904
10.97,0.189005
10.971,0.188974
10.977,0.188947
10.979,0.188924
10.98,0.188904
10.981,0.188888
10.982,0.188877
10.985,0.188868
10.986,0.188864
10.987,0.188864
10.994,0.188866
10.995,0.188871
10.996,0.188881
10.999,0.188893
11,0.188907
11.001,0.188922
11.001,0.188938
11.002,0.188956
11.011,0.188977
11.012,0.189
11.013,0.189025
11.014,0.189053
11.014,0.189083
11.015,0.189116
11.016,0.189152
11.017,0.189189
11.028,0.18923
11.029,0.189271
11.03,0.189315
11.031,0.18936
11.032,0.189408
11.033,0.189457
11.034,0.189509
11.035,0.189563
11.045,0.189619
11.045,0.189676
11.046,0.189735
11.047,0.189796
11.048,0.189859
11.051,0.189922
11.053,0.189986
11.054,0.190051
11.061,0.190116
11.063,0.190181
11.064,0.190246
11.065,0.190311
11.065,0.190375
11.066,0.190439
11.067,0.190501
11.068,0.190562
11.078,0.190622
11.079,0.19068
11.081,0.190736
11.082,0.19079
11.083,0.190841
11.084,0.190888
11.085,0.190933
11.086,0.190974
11.095,0.191012
11.096,0.191048
11.098,0.19108
11.099,0.19111
11.099,0.191136
11.1,0.191161
11.101,0.191182
11.104,0.191201
11.112,0.191218
11.113,0.191234
11.114,0.191247
11.114,0.191259
11.116,0.191269
11.117,0.191278
11.118,0.191285
11.119,0.191291
11.128,0.191295
11.129,0.191298
11.13,0.191299
11.131,0.191299
11.134,0.191299
11.135,0.191298
11.136,0.191297
11.137,0.191297
11.145,0.191272
11.146,0.191249
11.147,0.191226
11.148,0.191202
11.149,0.191179
11.15,0.191155
11.15,0.191131
11.151,0.191107
11.162,0.191082
11.166,0.191057
11.167,0.191027
11.168,0.190994
11.168,0.190956
11.169,0.190915
11.171,0.19087
11.172,0.190819
11.179,0.190759
11.18,0.19069
11.181,0.190614
11.182,0.19053
11.182,0.190438
11.183,0.190339
11.187,0.190251
11.187,0.190183
11.196,0.19012
11.197,0.190062
11.197,0.190011
11.198,0.189965
11.199,0.189925
11.2,0.189889
11.2,0.189859
11.201,0.189833
11.213,0.189812
11.213,0.189795
11.214,0.189782
11.217,0.189773
11.218,0.189765
11.219,0.18976
11.22,0.189756
11.222,0.189753
11.229,0.189753
11.23,0.189755
11.231,0.189758
11.233,0.189764
11.234,0.189772
11.235,0.189783
11.236,0.189796
11.237,0.189812
11.246,0.189831
11.247,0.189851
11.248,0.189873
11.249,0.189898
11.249,0.189925
11.25,0.189953
11.251,0.189984
11.252,0.190015
11.263,0.190049
11.264,0.190085
11.265,0.190122
11.266,0.190161
11.266,0.190202
11.273,0.190244
11.275,0.190286
11.276,0.190327
11.28,0.190368
11.281,0.190409
11.282,0.190451
11.283,0.190493
11.284,0.190538
11.285,0.190584
11.286,0.19063
11.287,0.190676
11.296,0.190722
11.297,0.190768
11.3,0.190813
11.301,0.190858
11.302,0.190901
11.303,0.190943
11.304,0.190983
11.304,0.191024
11.313,0.191063
11.314,0.1911
11.315,0.191136
11.316,0.191171
11.316,0.191204
11.317,0.191236
11.318,0.191266
11.32,0.191295
11.33,0.191323
11.331,0.19135
11.332,0.191378
11.333,0.191405
11.334,0.191432
11.335,0.191458
11.335,0.191484
11.336,0.19151
11.347,0.191536
11.348,0.191562
11.349,0.191588
11.35,0.191613
11.353,0.191639
11.353,0.191668
11.354,0.191699
11.355,0.191734
11.364,0.191772
11.364,0.191812
11.365,0.191855
11.366,0.1919
11.367,0.191947
11.368,0.191997
11.369,0.192048
11.37,0.192103
11.38,0.192159
11.383,0.192214
11.384,0.192264
11.385,0.192309
11.386,0.192349
11.387,0.192385
11.388,0.192419
11.388,0.19245
11.397,0.19248
11.398,0.192509
11.399,0.192536
11.399,0.192563
11.4,0.192589
11.401,0.192614
11.404,0.192638
11.405,0.192663
11.414,0.192688
11.415,0.192713
11.416,0.192776
11.417,0.192849
11.418,0.192931
11.42,0.193021
11.421,0.19305
11.421,0.193076
11.431,0.1931
11.432,0.193121
11.433,0.193139
11.436,0.193154
11.437,0.193167
11.438,0.193176
11.439,0.193184
11.44,0.193188
11.447,0.193191
11.448,0.19319
11.449,0.193188
11.45,0.193184
11.451,0.193177
11.453,0.193169
11.454,0.193159
11.455,0.193148
11.465,0.193135
11.466,0.193122
11.467,0.193107
11.468,0.193092
11.468,0.193077
11.469,0.193062
11.47,0.193047
11.471,0.193032
11.481,0.193018
11.482,0.193005
11.483,0.192993
11.484,0.192983
11.485,0.192974
11.487,0.192968
11.488,0.192961
11.489,0.192957
11.498,0.192955
11.5,0.192955
11.501,0.192956
11.502,0.192957
11.503,0.19296
11.504,0.192961
11.505,0.192961
11.508,0.19296
11.515,0.192957
11.516,0.192952
11.519,0.192945
11.52,0.192935
11.521,0.192923
11.521,0.192908
11.522,0.192891
11.523,0.19287
11.531,0.192849
11.533,0.192825
11.534,0.192797
11.534,0.192767
11.535,0.192735
11.536,0.1927
11.537,0.192663
11.54,0.192624
11.548,0.192584
11.549,0.192544
11.55,0.192502
11.551,0.192461
11.552,0.192418
11.553,0.192376
11.554,0.192333
11.555,0.19229
11.565,0.192247
11.566,0.192203
11.567,0.192159
11.568,0.192115
11.57,0.192071
11.571,0.19203
11.572,0.191991
11.573,0.191955
11.582,0.191921
11.583,0.19189
11.584,0.191861
11.584,0.191834
11.585,0.191809
11.586,0.191786
11.587,0.191765
11.588,0.191746
11.599,0.191729
11.602,0.191712
11.603,0.191691
11.604,0.191665
11.605,0.191634
11.606,0.1916
11.607,0.191562
11.608,0.191522
11.615,0.19148
11.616,0.191436
11.617,0.191391
11.618,0.191345
11.618,0.191342
11.619,0.191347
11.622,0.19136
11.623,0.191379
11.632,0.191406
11.633,0.19144
11.634,0.191483
11.635,0.191533
11.636,0.191591
11.637,0.191656
11.638,0.191729
11.639,0.191808
11.649,0.191894
11.65,0.191987
11.65,0.192085
11.653,0.19219
11.654,0.1923
11.654,0.192388
11.655,0.192443
11.656,0.19249
11.665,0.19253
11.666,0.192562
11.667,0.192589
11.668,0.192611
11.669,0.192629
11.67,0.192644
11.671,0.192656
11.673,0.192666
11.682,0.192676
11.684,0.192685
11.685,0.192694
11.686,0.192702
11.687,0.192711
11.688,0.19272
11.69,0.19273
11.691,0.192739
11.699,0.19275
11.7,0.192761
11.701,0.192772
11.702,0.192785
11.703,0.192798
11.707,0.192811
11.709,0.192824
11.71,0.192838
11.716,0.192852
11.717,0.192868
11.717,0.192883
11.718,0.1929
11.719,0.192916
11.72,0.192931
11.721,0.192947
11.722,0.192961
11.732,0.192974
11.733,0.192986
11.736,0.192996
11.736,0.193004
11.737,0.193009
11.738,0.193012
11.739,0.193012
11.74,0.19301
11.749,0.193005
11.75,0.192998
11.751,0.192988
11.752,0.192976
11.753,0.192962
11.753,0.192945
11.754,0.192926
11.759,0.192904
11.766,0.19288
11.767,0.192854
11.768,0.192826
11.768,0.192795
11.769,0.192763
11.77,0.192728
11.771,0.192691
11.772,0.192652
11.783,0.192612
11.784,0.19257
11.785,0.192526
11.786,0.192481
11.788,0.192434
11.789,0.192386
11.79,0.192338
11.791,0.19229
11.8,0.192241
11.801,0.192191
11.802,0.19214
11.802,0.192088
11.803,0.192036
11.804,0.191982
11.805,0.191929
11.806,0.191874
11.817,0.191818
11.819,0.191761
11.82,0.191701
11.822,0.191637
11.822,0.191569
11.823,0.191499
11.824,0.191427
11.825,0.191352
11.833,0.191276
11.834,0.191197
11.835,0.191117
11.836,0.191036
11.837,0.190954
11.838,0.190872
11.841,0.190812
11.842,0.190785
11.85,0.190771
11.851,0.190769
11.852,0.190781
11.853,0.190805
11.854,0.190842
11.856,0.19089
11.857,0.19095
11.858,0.19102
11.867,0.191101
11.87,0.191192
11.873,0.191293
11.883,0.191402
11.886,0.19152
11.891,0.19157
11.895,0.191613
11.898,0.191649
11.901,0.191678
11.905,0.191703
11.908,0.191723
11.912,0.19174
11.914,0.191754
11.917,0.191768
11.919,0.19178
11.921,0.191792
11.928,0.191804
11.93,0.191818
11.931,0.191834
11.933,0.191852
11.936,0.191871
11.94,0.191892
11.943,0.191913
11.944,0.191936
11.945,0.191959
11.946,0.191984
11.947,0.192009
11.948,0.192036
11.95,0.192064
11.957,0.192092
11.958,0.192119
11.959,0.192145
11.962,0.192171
11.963,0.192195
11.964,0.192219
11.965,0.192242
11.966,0.192263
11.968,0.192283
11.97,0.192303
11.971,0.192321
11.979,0.192339
11.979,0.192356
11.983,0.192372
11.984,0.192387
11.985,0.192401
11.986,0.192414
11.987,0.192426
11.988,0.192436
11.995,0.192445
11.996,0.192453
11.997,0.19246
11.998,0.192466
11.998,0.192471
11.999,0.192475
12,0.192477
12.003,0.192479
12.012,0.192482
12.013,0.192484
12.014,0.192487
12.014,0.19249
12.015,0.192494
12.016,0.192498
12.017,0.192502
12.017,0.192506
12.029,0.192511
12.03,0.192517
12.031,0.192522
12.032,0.192528
12.034,0.192536
12.035,0.192546
12.036,0.192561
12.037,0.19258
12.046,0.192602
12.047,0.192628
12.048,0.192657
12.049,0.192689
12.05,0.192723
12.051,0.19276
12.052,0.192799
12.053,0.192841
12.063,0.192885
12.066,0.192931
12.066,0.192972
12.067,0.193008
12.068,0.193038
12.069,0.193063
12.069,0.193085
12.07,0.193104
12.079,0.19312
12.08,0.193135
12.081,0.193147
12.082,0.193159
12.082,0.193181
12.083,0.193218
12.086,0.193259
12.087,0.193305
12.096,0.193356
12.1,0.193413
12.103,0.193477
12.106,0.193547
12.109,0.193622
12.112,0.193703
12.116,0.19379
12.119,0.193882
12.124,0.193979
12.127,0.194082
12.129,0.194124
12.136,0.194159
12.138,0.194189
12.139,0.194211
12.141,0.194228
12.143,0.19424
12.144,0.194247
12.146,0.19425
12.147,0.194249
12.149,0.194244
12.15,0.194237
12.151,0.194226
12.153,0.194214
12.154,0.194199
12.158,0.194182
12.159,0.194165
12.16,0.194146
12.161,0.194126
12.163,0.194105
12.163,0.194084
12.165,0.194062
12.166,0.194039
12.169,0.194016
12.17,0.193992
12.171,0.193968
12.174,0.193944
12.175,0.19392
12.178,0.193895
12.179,0.19387
12.18,0.193844
12.186,0.193816
12.187,0.193788
12.188,0.193758
12.189,0.193727
12.19,0.193694
12.195,0.19366
12.196,0.193625
12.197,0.193587
12.203,0.193548
12.204,0.193507
12.207,0.193465
12.208,0.19342
12.209,0.193373
12.21,0.193324
12.211,0.193273
12.212,0.19322
12.219,0.193165
12.221,0.193108
12.222,0.193049
12.223,0.192987
12.224,0.192924
12.226,0.192858
12.227,0.19279
12.231,0.192722
12.236,0.192651
12.237,0.19258
12.239,0.192507
12.24,0.192434
12.241,0.192359
12.242,0.192283
12.243,0.192206
12.244,0.192127
12.253,0.192048
12.254,0.191967
12.256,0.191885
12.257,0.191803
12.26,0.19172
12.261,0.191641
12.262,0.191564
12.263,0.191488
12.27,0.191416
12.271,0.191344
12.272,0.191275
12.273,0.191207
12.274,0.19114
12.276,0.191075
12.278,0.19101
12.279,0.190947
12.287,0.190884
12.29,0.190822
12.291,0.190756
12.292,0.190685
12.293,0.190606
12.294,0.190522
12.294,0.190431
12.295,0.190337
12.304,0.19027
12.305,0.19021
12.306,0.190157
12.307,0.190111
12.308,0.190073
12.308,0.190041
12.312,0.190016
12.313,0.189995
12.32,0.189981
12.321,0.189974
12.322,0.189973
12.323,0.189979
12.324,0.189992
12.324,0.190011
12.325,0.190038
12.326,0.19007
12.337,0.190108
12.338,0.0618007
12.339,0.0746619
12.342,0.0862551
12.343,0.0967095
12.345,0.106141
12.345,0.114654
12.346,0.122341
12.354,0.129286
12.355,0.135564
12.356,0.141242
12.357,0.14638
12.358,0.0622673
12.359,0.0752481
12.36,0.0869505
12.361,0.0975015
12.371,0.107015
12.372,0.115595
12.373,0.123332
12.374,0.0625437
12.375,0.0755803
12.375,0.0873325
12.376,0.0979282
12.377,0.107482
12.387,0.116099
12.389,0.062778
12.39,0.0758643
12.391,0.0876618
12.392,0.0982985
12.395,0.10789
12.396,0.0629762
12.397,0.0761032
12.404,0.0879367
12.405,0.0986052
12.407,0.0631319
12.408,0.07629
12.409,0.0881507
12.41,0.0988424
12.41,0.0632818
12.411,0.0764683
12.421,0.0883531
12.424,0.0633876
12.435,0.0765935
12.439,0.0634541
12.442,0.0766712
12.445,0.0635163
12.448,0.0767438
12.451,0.0635744
12.453,0.063602
12.455,0.0636286
12.458,0.0636542
12.46,0.063679
12.461,0.0637028
12.463,0.0637258
12.465,0.063748
12.477,0.0637693
12.478,0.0637896
12.479,0.0638089
12.481,0.0638272
12.482,0.0638446
12.483,0.063861
12.484,0.0638766
12.486,0.0638913
12.486,0.0639053
12.495,0.0639184
12.496,0.0639307
12.497,0.0639423
12.498,0.0639531
12.501,0.0639634
12.502,0.0639726
12.503,0.063981
12.504,0.0639885
12.511,0.0639952
12.512,0.0640011
12.513,0.0640061
12.514,0.0640105
12.515,0.0640167
12.516,0.0640247
12.517,0.0640319
12.519,0.0640384
12.528,0.0640443
12.533,0.0640497
12.534,0.064055
12.535,0.0640601
12.536,0.0640651
12.538,0.0640699
12.539,0.0640761
12.54,0.0640846
12.545,0.0640942
12.546,0.0641049
12.547,0.0641167
12.548,0.0641295
12.549,0.0641434
12.55,0.0641582
12.553,0.0641739
12.555,0.0641904
12.562,0.0642076
12.563,0.0642257
12.564,0.0642444
12.565,0.0642639
12.566,0.064284
12.567,0.0643046
12.568,0.0643258
12.568,0.0643474
12.579,0.0643693
12.58,0.0643915
12.581,0.0644139
12.584,0.0644364
12.585,0.0644589
12.586,0.0644813
12.587,0.0645036
12.587,0.0645256
12.596,0.0645475
12.597,0.0645689
12.597,0.06459
12.598,0.0646104
12.599,0.0646303
12.6,0.0646494
12.605,0.0646676
12.607,0.0646841
12.613,0.0646996
12.615,0.0647138
12.618,0.0647269
12.621,0.0647388
12.623,0.0647498
12.625,0.0647598
12.627,0.064769
12.629,0.0647773
12.631,0.064785
12.634,0.0647919
12.636,0.0647981
12.639,0.0648038
12.642,0.064809
12.647,0.0648136
12.648,0.0648175
12.65,0.0648208
12.651,0.0648236
12.651,0.0648257
12.652,0.0648273
12.653,0.0648283
12.654,0.0648288
12.655,0.0648289
12.657,0.0648284
12.658,0.0648275
12.665,0.0648262
12.666,0.0648245
12.67,0.0648224
12.671,0.0648202
12.672,0.0648178
12.674,0.0648152
12.675,0.0648125
12.677,0.0648096
12.682,0.0648067
12.683,0.0648036
12.684,0.0648004
12.685,0.0647971
12.686,0.0647938
12.688,0.0647903
12.689,0.0647867
12.692,0.0647831
12.699,0.0647794
12.7,0.0647756
12.701,0.0647718
12.702,0.0647679
12.703,0.064764
12.705,0.06476
12.708,0.0647559
12.709,0.0647518
12.716,0.0647475
12.717,0.0647433
12.718,0.0647389
12.719,0.0647345
12.724,0.0647299
12.725,0.0647252
12.726,0.0647203
12.727,0.0647153
12.732,0.0647101
12.734,0.0647047
12.735,0.0646991
12.736,0.0646934
12.737,0.0646874
12.738,0.0646817
12.739,0.0646763
12.74,0.0646706
12.75,0.0646648
12.761,0.064659
12.764,0.0646533
12.769,0.0646477
12.774,0.0646423
12.78,0.0646375
12.783,0.0646339
12.786,0.0646311
12.788,0.0646293
12.791,0.0646283
12.793,0.0646282
12.795,0.0646289
12.797,0.0646304
12.799,0.0646307
12.803,0.0646312
12.804,0.0646317
12.805,0.0646324
12.807,0.0646331
12.809,0.0646339
12.81,0.0646348
12.811,0.0646358
12.812,0.0646369
12.813,0.0646381
12.814,0.0646395
12.819,0.064641
12.821,0.0646427
12.822,0.0646446
12.825,0.0646466
12.826,0.0646486
12.827,0.0646505
12.828,0.0646524
12.829,0.0646543
12.836,0.0646561
12.837,0.0646578
12.838,0.0646595
12.839,0.0646613
12.84,0.0646631
12.841,0.0646649
12.842,0.0646667
12.843,0.0646686
12.853,0.0646704
12.854,0.0646724
12.855,0.0646744
12.855,0.0646765
12.856,0.0646788
12.857,0.0646811
12.858,0.0646835
12.859,0.064686
12.87,0.0646886
12.87,0.0646913
12.871,0.064694
12.872,0.0646967
12.873,0.0646995
12.876,0.0647023
12.877,0.064705
12.878,0.0647078
12.886,0.0647105
12.887,0.0647132
12.888,0.0647158
12.89,0.0647183
12.891,0.0647208
12.892,0.0647231
12.893,0.0647253
12.894,0.0647274
12.903,0.0647295
12.904,0.0647313
12.907,0.0647331
12.908,0.0647348
12.909,0.0647363
12.91,0.0647377
12.912,0.0647389
12.913,0.06474
12.92,0.064741
12.921,0.0647419
12.922,0.0647427
12.923,0.0647433
12.924,0.0647439
12.925,0.0647443
12.926,0.0647447
12.929,0.064745
12.937,0.0647452
12.938,0.0647454
13.11,0.0647455
13.113,0.0647456
13.116,0.0647456
13.119,0.0647457
13.122,0.0647457
13.126,0.0647457
13.129,0.0647456
13.132,0.0647455
13.135,0.0647454
13.138,0.0647454
13.148,0.0647453
13.151,0.0647452
13.155,0.0647452
13.158,0.0647452
13.162,0.0647452
13.166,0.0647452
13.169,0.0647452
13.172,0.0647453
13.175,0.0647454
13.178,0.0647455
13.184,0.0647456
13.187,0.0647457
13.19,0.0647458
13.199,0.0647459
13.202,0.064746
13.206,0.0647461
13.209,0.064746
13.212,0.0647459
13.214,0.0647458
13.217,0.0647456
13.22,0.0647462
13.223,0.0647469
13.226,0.0647475
13.227,0.0647482
13.23,0.0647488
13.232,0.0647494
13.238,0.0647499
13.24,0.0647504
13.241,0.0647508
13.243,0.0647512
13.244,0.0647515
13.246,0.0647518
13.247,0.064752
13.248,0.0647522
13.25,0.0647523
13.251,0.0647524
13.255,0.0647524
13.256,0.0647523
13.257,0.0647522
13.26,0.0647521
13.261,0.0647519
13.262,0.0647518
13.263,0.0647517
13.264,0.0647515
13.271,0.0647514
13.273,0.0647513
13.274,0.0647512
13.275,0.064751
13.276,0.0647509
13.277,0.0647508
13.279,0.0647507
13.28,0.0647507
13.288,0.0647506
13.289,0.0647506
13.291,0.0647506
13.292,0.0647506
13.293,0.0647508
13.297,0.0647509
13.298,0.0647511
13.299,0.0647514
13.305,0.0647518
13.306,0.0647521
13.307,0.0647525
13.309,0.0647529
13.309,0.0647533
13.313,0.0647538
13.314,0.0647543
13.315,0.0647548
13.322,0.0647554
13.323,0.064756
13.324,0.0647567
13.325,0.0647574
13.326,0.0647582
13.328,0.0647589
13.328,0.0647598
13.329,0.0647606
13.339,0.0647615
13.34,0.0647624
13.343,0.0647633
13.345,0.0647642
13.346,0.0647652
13.347,0.0647662
13.349,0.0647672
13.35,0.0647681
13.356,0.0647691
13.357,0.0647701
13.358,0.0647711
13.359,0.064772
13.36,0.064773
13.36,0.064774
13.361,0.0647749
13.364,0.0647758
13.373,0.0647767
13.373,0.0647776
13.374,0.0647784
13.375,0.0647792
13.376,0.06478
13.377,0.0647807
13.378,0.0647814
13.379,0.0647821
13.389,0.0647828
13.391,0.0647835
13.392,0.0647842
13.393,0.0647849
13.396,0.0647856
13.397,0.0647863
13.398,0.0647871
13.399,0.0647878
13.406,0.0647886
13.407,0.0647894
13.408,0.0647902
13.409,0.064791
13.41,0.0647919
13.411,0.0647928
13.412,0.0647936
13.413,0.0647945
13.423,0.0647955
13.426,0.0647964
13.427,0.0647974
13.428,0.0647985
13.429,0.0647997
13.429,0.0648009
13.43,0.0648022
13.431,0.0648035
13.44,0.0648034
13.443,0.0648031
13.444,0.0648029
13.445,0.0648026
13.446,0.0648023
13.447,0.0648019
13.45,0.0648016
13.45,0.0648012
13.456,0.0648009
13.457,0.0648006
13.458,0.0648003
13.459,0.0648
13.46,0.0647997
13.461,0.0647995
13.461,0.0647992
13.462,0.064799
13.473,0.0647987
13.474,0.0647985
13.476,0.0647983
13.478,0.0647982
13.479,0.064798
13.48,0.0647978
13.481,0.0647976
13.482,0.0647974
13.49,0.0647973
13.491,0.0647971
13.492,0.0647969
13.493,0.0647968
13.493,0.0647966
13.494,0.0647964
13.495,0.0647962
13.496,0.064796
13.507,0.0647957
13.508,0.0647955
13.509,0.0647952
13.511,0.0647949
13.512,0.0647945
13.513,0.0647942
13.514,0.064794
13.515,0.0647937
13.524,0.0647934
13.525,0.0647932
13.526,0.064793
13.527,0.0647927
13.528,0.0647925
13.53,0.0647924
13.531,0.0647923
13.532,0.0647921
13.54,0.0647919
13.541,0.0647917
13.542,0.0647915
13.543,0.0647913
13.544,0.0647911
13.545,0.0647909
13.546,0.0647907
13.548,0.0647906
13.557,0.0647904
13.558,0.0647903
13.561,0.0647901
13.562,0.0647899
13.563,0.0647897
13.564,0.0647894
13.565,0.0647892
13.566,0.0647889
13.574,0.0647886
13.575,0.0647883
13.576,0.064788
13.577,0.0647877
13.578,0.0647873
13.579,0.064787
13.58,0.0647865
13.583,0.0647861
13.591,0.0647855
13.592,0.064785
13.593,0.0647844
13.594,0.0647838
13.595,0.0647831
13.596,0.0647824
13.597,0.0647817
13.597,0.0647809
13.607,0.06478
13.608,0.0647791
13.61,0.0647782
13.611,0.0647773
13.614,0.0647763
13.615,0.0647753
13.616,0.0647742
13.616,0.064773
13.624,0.0647718
13.625,0.0647705
13.627,0.0647692
13.629,0.0647678
13.63,0.0647664
13.632,0.0647649
13.633,0.0647644
13.635,0.0647639
13.641,0.0647634
13.643,0.0647627
13.645,0.0647621
13.646,0.0647614
13.647,0.0647607
13.647,0.0647599
13.648,0.0647594
13.65,0.0647594
13.657,0.06476
13.658,0.0647609
13.659,0.0647623
13.66,0.0647641
13.661,0.064766
13.662,0.064768
13.665,0.06477
13.666,0.0647718
13.674,0.0647736
13.675,0.0647752
13.676,0.0647767
13.677,0.064778
13.678,0.0647792
13.679,0.0647804
13.68,0.0647814
13.68,0.0647822
13.691,0.064783
13.692,0.0647837
13.693,0.0647842
13.695,0.0647847
13.697,0.0647852
13.698,0.0647858
13.699,0.0647863
13.7,0.0647869
13.708,0.0647875
13.709,0.0647882
13.71,0.0647888
13.71,0.0647895
13.711,0.0647902
13.712,0.0647909
13.713,0.0647915
13.714,0.0647921
13.724,0.0647928
13.726,0.0647935
13.727,0.0647942
13.728,0.0647948
13.729,0.0647955
13.73,0.0647962
13.731,0.0647969
13.732,0.0647977
13.741,0.0647984
13.742,0.0647992
13.743,0.0648
13.744,0.0648008
13.746,0.0648016
13.749,0.0648024
13.75,0.0648031
13.751,0.0648039
13.758,0.0648046
13.759,0.0648053
13.76,0.0648059
13.761,0.0648066
13.762,0.0648072
13.763,0.0648079
13.763,0.0648086
13.764,0.0648093
13.775,0.06481
13.776,0.0648106
13.779,0.0648113
13.78,0.064812
13.781,0.0648127
13.781,0.0648133
13.782,0.0648139
13.783,0.0648146
13.791,0.0648152
13.793,0.0648158
13.794,0.0648164
13.795,0.064817
13.796,0.0648175
13.797,0.0648181
13.799,0.0648187
13.801,0.0648192
13.808,0.0648198
13.809,0.0648203
13.811,0.0648207
13.812,0.0648211
13.812,0.0648215
13.814,0.0648218
13.815,0.0648221
13.816,0.0648224
13.825,0.0648226
13.826,0.0648229
13.827,0.0648231
13.828,0.0648232
13.831,0.0648234
13.832,0.0648235
13.833,0.0648236
13.834,0.0648236
13.842,0.0648236
13.846,0.0648236
13.851,0.0648236
13.855,0.0648235
13.86,0.0648235
13.863,0.0648234
13.866,0.0648233
13.868,0.0648233
13.87,0.0648232
13.877,0.0648231
13.878,0.0648231
13.88,0.0648232
13.881,0.0648234
13.883,0.0648237
13.884,0.0648241
13.885,0.064824
13.887,0.0648231
13.888,0.0648223
13.89,0.0648215
13.891,0.0648206
13.893,0.0648197
13.894,0.0648189
13.899,0.064818
13.901,0.0648172
13.902,0.0648164
13.903,0.0648156
13.904,0.0648148
13.906,0.0648141
13.907,0.0648134
13.908,0.0648127
13.909,0.0648121
13.91,0.0648114
13.911,0.0648108
13.912,0.0648102
13.914,0.0648096
13.917,0.064809
13.918,0.0648085
13.919,0.0648079
13.92,0.0648073
13.921,0.0648068
13.928,0.0648062
13.929,0.0648056
13.93,0.0648051
13.931,0.0648045
13.932,0.064804
13.933,0.0648035
13.934,0.064803
13.934,0.0648026
13.945,0.0648023
13.948,0.064802
13.952,0.0648017
13.954,0.0648014
13.956,0.0648012
13.958,0.0648009
13.961,0.0648008
13.963,0.0648006
13.965,0.0648005
13.967,0.0648004
13.968,0.0648003
13.971,0.0648003
13.973,0.0648004
13.978,0.0648005
13.98,0.0648006
13.981,0.0648007
13.982,0.0648009
13.983,0.064801
13.984,0.0648012
13.985,0.0648014
13.987,0.0648016
13.99,0.0648018
13.991,0.064802
13.992,0.0648022
13.997,0.0648024
13.998,0.0648026
14.001,0.0648028
14.002,0.0648029
14.003,0.0648031
14.005,0.0648032
14.006,0.0648033
14.007,0.0648034
14.013,0.0648034
14.014,0.0648035
14.015,0.0648035
14.016,0.0648035
14.017,0.0648035
14.017,0.0648034
14.018,0.0648034
14.022,0.0648033
14.03,0.0648032
14.031,0.064803
14.032,0.0648029
14.033,0.0648028
14.034,0.0648026
14.035,0.0648024
14.036,0.0648022
14.037,0.0648019
14.047,0.0648017
14.048,0.0648015
14.049,0.0648012
14.05,0.064801
14.053,0.0648008
14.054,0.0648006
14.055,0.0648005
14.056,0.0648004
14.064,0.0648003
14.065,0.0648003
14.066,0.0648003
14.066,0.0648002
14.067,0.0648003
14.068,0.0648003
14.069,0.0648004
14.07,0.0648004
14.08,0.0648005
14.083,0.0648005
14.084,0.0648005
14.085,0.0648005
14.086,0.0648004
14.086,0.0648004
14.087,0.0648005
14.089,0.0648008
14.097,0.0648013
14.098,0.064802
14.099,0.064803
14.1,0.064804
14.101,0.0648049
14.102,0.0648059
14.104,0.0648068
14.105,0.0648076
14.114,0.0648084
14.115,0.0648092
14.116,0.0648098
14.117,0.0648104
14.118,0.0648109
14.119,0.0648114
14.12,0.0648118
14.122,0.0648122
14.131,0.0648125
14.132,0.0648127
14.132,0.0648128
14.135,0.064813
14.136,0.0648131
14.137,0.0648132
14.138,0.0648133
14.14,0.0648134
14.148,0.0648134
14.149,0.0648134
14.149,0.0648134
14.15,0.0648134
14.151,0.0648133
14.152,0.0648132
14.153,0.0648131
14.155,0.064813
14.164,0.0648129
14.166,0.0648127
14.167,0.0648125
14.168,0.0648123
14.169,0.0648121
14.17,0.0648119
14.172,0.0648117
14.173,0.0648115
14.181,0.0648112
14.182,0.0648109
14.183,0.0648106
14.184,0.0648104
14.185,0.0648101
14.187,0.0648097
14.188,0.0648094
14.189,0.0648091
14.198,0.0648088
14.199,0.0648084
14.2,0.064808
14.201,0.0648077
14.202,0.0648073
14.203,0.0648069
14.204,0.0648065
14.204,0.0648061
14.215,0.0648057
14.216,0.0648053
14.219,0.0648049
14.219,0.0648046
14.221,0.0648042
14.222,0.0648039
14.223,0.0648035
14.224,0.0648032
14.232,0.0648029
14.233,0.0648026
14.234,0.0648023
14.235,0.064802
14.236,0.0648017
14.237,0.0648014
14.238,0.0648011
14.24,0.0648008
14.249,0.0648005
14.25,0.0648001
14.251,0.0647997
14.251,0.0647993
14.252,0.0647988
14.253,0.0647983
14.254,0.0647978
14.254,0.0647973
14.266,0.0647967
14.266,0.0647961
14.267,0.0647955
14.268,0.0647948
14.271,0.0647942
14.272,0.0647935
14.273,0.0647928
14.274,0.0647921
14.282,0.0647913
14.284,0.0647906
14.285,0.0647898
14.286,0.0647889
14.286,0.0647881
14.287,0.0647872
14.288,0.0647862
14.289,0.0647853
14.299,0.0647843
14.302,0.0647834
14.303,0.0647825
14.304,0.0647817
14.305,0.0647811
14.307,0.0647809
14.308,0.0647811
14.309,0.0647815
14.316,0.0647823
14.317,0.0647834
14.318,0.064783
14.319,0.0647825
14.32,0.064782
14.321,0.0647814
14.325,0.0647808
14.326,0.0647803
14.333,0.0647797
14.334,0.0647792
14.335,0.0647787
14.336,0.0647783
14.337,0.0647779
14.338,0.0647776
14.339,0.0647773
14.341,0.0647771
14.349,0.0647769
14.351,0.0647768
14.352,0.0647767
14.355,0.0647767
14.356,0.0647767
14.357,0.0647766
14.358,0.0647766
14.359,0.0647766
14.366,0.0647765
14.367,0.0647765
14.368,0.0647765
14.369,0.0647765
14.37,0.0647765
14.371,0.0647764
14.372,0.0647764
14.373,0.0647764
14.383,0.0647765
14.384,0.0647765
14.385,0.0647766
14.386,0.0647767
14.389,0.0647768
14.391,0.0647769
14.392,0.0647771
14.394,0.0647772
14.4,0.0647774
14.401,0.0647776
14.405,0.0647779
14.406,0.0647782
14.407,0.0647785
14.411,0.0647789
14.412,0.0647793
14.413,0.0647796
14.417,0.06478
14.418,0.0647804
14.419,0.0647808
14.42,0.0647812
14.421,0.0647816
14.423,0.064782
14.424,0.0647823
14.425,0.0647826
14.433,0.0647829
14.434,0.0647832
14.437,0.0647834
14.438,0.0647836
14.439,0.0647838
14.44,0.0647839
14.441,0.064784
14.442,0.064784
14.45,0.064784
14.451,0.064784
14.453,0.0647839
14.454,0.0647837
14.455,0.0647836
14.456,0.0647834
14.457,0.0647832
14.46,0.064783
14.467,0.0647827
14.468,0.0647825
14.469,0.0647823
14.471,0.064782
14.472,0.0647818
14.474,0.0647816
14.475,0.0647814
14.476,0.0647812
14.484,0.064781
14.485,0.0647809
14.486,0.0647807
14.487,0.0647805
14.49,0.0647804
14.491,0.0647803
14.492,0.0647803
14.493,0.0647802
14.501,0.0647802
14.502,0.0647802
14.503,0.0647803
14.504,0.0647803
14.505,0.0647803
14.506,0.0647804
14.507,0.0647805
14.508,0.0647805
14.517,0.0647806
14.52,0.0647807
14.521,0.0647807
14.522,0.0647807
14.523,0.0647807
14.524,0.0647806
14.525,0.0647805
14.529,0.0647808
14.534,0.0647814
14.535,0.0647822
14.537,0.0647832
14.538,0.0647842
14.539,0.0647852
14.54,0.0647862
14.544,0.0647871
14.545,0.064788
14.551,0.0647888
14.552,0.0647896
14.553,0.0647903
14.554,0.0647909
14.555,0.0647915
14.557,0.064792
14.558,0.0647925
14.559,0.0647929
14.567,0.0647933
14.569,0.0647935
14.57,0.0647938
14.573,0.0647939
14.574,0.0647941
14.576,0.0647943
14.577,0.0647944
14.579,0.0647945
14.584,0.0647946
14.585,0.0647947
14.586,0.0647947
14.587,0.0647947
14.591,0.0647948
14.592,0.0647948
14.593,0.0647947
14.594,0.0647947
14.601,0.0647946
14.602,0.0647945
14.604,0.0647944
14.608,0.0647943
14.609,0.0647942
14.61,0.064794
14.611,0.0647939
14.613,0.0647937
14.618,0.0647935
14.619,0.0647934
14.62,0.0647932
14.621,0.064793
14.623,0.0647928
14.626,0.0647925
14.627,0.0647923
14.628,0.0647921
14.634,0.0647919
14.635,0.0647916
14.638,0.0647914
14.639,0.0647912
14.64,0.064791
14.642,0.0647908
14.644,0.0647906
14.645,0.0647905
14.651,0.0647903
14.652,0.0647901
14.655,0.06479
14.657,0.0647899
14.658,0.0647898
14.66,0.0647897
14.661,0.0647896
14.662,0.0647896
14.668,0.0647895
14.669,0.0647895
14.67,0.0647895
14.671,0.0647895
14.672,0.0647895
14.674,0.0647895
14.675,0.0647895
14.678,0.0647895
14.685,0.0647895
14.686,0.0647895
14.687,0.0647894
14.688,0.0647894
14.69,0.0647893
14.691,0.0647892
14.692,0.0647891
14.693,0.064789
14.701,0.0647889
14.702,0.0647887
14.704,0.0647886
14.705,0.0647884
14.708,0.0647883
14.709,0.0647882
14.71,0.064788
14.711,0.0647878
14.718,0.0647877
14.719,0.0647875
14.721,0.0647873
14.722,0.0647871
14.723,0.0647869
14.724,0.0647867
14.725,0.0647865
14.726,0.0647863
14.735,0.0647861
14.739,0.064786
14.741,0.0647859
14.742,0.0647859
14.743,0.064786
14.744,0.0647863
14.745,0.0647869
14.747,0.0647878
14.752,0.0647889
14.753,0.0647894
14.754,0.064789
14.755,0.0647887
14.757,0.0647883
14.758,0.0647879
14.761,0.0647875
14.762,0.0647871
14.768,0.0647867
14.77,0.0647864
14.771,0.0647861
14.773,0.0647859
14.774,0.0647857
14.775,0.0647855
14.776,0.0647854
14.777,0.0647853
14.785,0.0647852
14.786,0.0647852
14.787,0.0647852
14.79,0.0647853
14.791,0.0647853
14.793,0.0647853
14.795,0.0647853
14.796,0.0647853
14.802,0.0647853
14.803,0.0647853
14.804,0.0647852
14.807,0.0647852
14.808,0.0647852
14.809,0.0647851
14.81,0.064785
14.811,0.064785
14.819,0.0647849
14.82,0.0647848
14.821,0.0647847
14.822,0.0647846
14.824,0.0647846
14.825,0.0647845
14.826,0.0647844
14.827,0.0647844
14.835,0.0647844
14.837,0.0647844
14.838,0.0647844
14.839,0.0647844
14.841,0.0647844
14.844,0.0647845
14.847,0.0647846
14.848,0.0647846
14.852,0.0647847
14.854,0.0647848
14.857,0.064785
14.858,0.0647851
14.86,0.0647852
14.861,0.0647854
14.861,0.0647855
14.862,0.0647857
14.869,0.0647859
14.87,0.064786
14.873,0.0647862
14.875,0.0647862
14.876,0.0647863
14.877,0.0647864
14.878,0.0647864
14.879,0.0647863
14.886,0.0647862
14.887,0.0647861
14.888,0.0647859
14.889,0.0647857
14.89,0.0647855
14.892,0.0647852
14.894,0.064785
14.897,0.0647846
14.903,0.0647843
14.904,0.064784
14.905,0.0647836
14.907,0.0647833
14.909,0.0647829
14.91,0.0647825
14.911,0.0647821
14.912,0.0647817
14.92,0.0647814
14.921,0.064781
14.923,0.0647806
14.924,0.0647803
14.927,0.06478
14.928,0.0647797
14.93,0.0647793
14.93,0.0647791
14.936,0.0647788
14.938,0.0647785
14.939,0.0647782
14.941,0.0647779
14.942,0.0647776
14.943,0.0647772
14.944,0.0647768
14.945,0.0647765
14.953,0.0647762
14.957,0.0647758
14.958,0.0647755
14.959,0.0647751
14.961,0.0647747
14.962,0.0647743
14.964,0.0647743
14.965,0.0647745
14.97,0.064775
14.971,0.0647757
14.972,0.0647768
14.973,0.064778
14.974,0.0647793
14.975,0.0647805
14.981,0.0647817
14.982,0.0647829
14.987,0.064784
14.988,0.064785
14.99,0.0647859
14.991,0.0647868
14.992,0.0647875
14.993,0.0647882
14.994,0.0647888
14.995,0.0647894
15.003,0.0647898
15.004,0.0647902
15.005,0.0647905
15.009,0.0647907
15.052,0.0647909
15.072,0.0647911
15.076,0.0647913
15.08,0.0647915
15.083,0.0647917
15.087,0.0647918
15.09,0.064792
15.094,0.0647921
15.097,0.0647922
15.101,0.0647923
15.106,0.0647924
15.113,0.0647925
15.123,0.0647925
15.128,0.0647925
15.132,0.0647925
15.135,0.0647925
15.138,0.0647925
15.141,0.0647925
15.144,0.0647924
15.146,0.0647924
15.148,0.0647924
15.15,0.0647924
15.152,0.0647924
15.153,0.0647924
15.155,0.0647924
15.159,0.0647924
15.16,0.0647923
15.162,0.0647923
15.165,0.0647923
15.166,0.0647922
15.168,0.0647922
15.169,0.0647922
15.17,0.0647922
15.171,0.0647922
15.173,0.0647923
15.177,0.0647923
15.181,0.0647924
15.183,0.0647925
15.186,0.0647926
15.187,0.0647926
15.188,0.0647927
15.189,0.0647929
15.19,0.064793
15.191,0.0647931
15.198,0.0647933
15.199,0.0647935
15.2,0.0647937
15.201,0.0647939
15.202,0.0647941
15.204,0.0647943
15.205,0.0647945
15.208,0.0647947
15.215,0.0647948
15.216,0.064795
15.217,0.0647951
15.218,0.0647952
15.219,0.0647953
15.22,0.0647953
15.221,0.0647953
15.223,0.0647953
15.232,0.0647953
15.233,0.0647952
15.234,0.0647951
15.235,0.0647951
15.238,0.064795
15.239,0.0647949
15.239,0.0647948
15.24,0.0647947
15.248,0.0647945
15.249,0.0647944
15.25,0.0647942
15.252,0.0647941
15.253,0.0647939
15.254,0.0647937
15.255,0.0647936
15.256,0.0647934
15.265,0.0647932
15.269,0.0647931
15.27,0.064793
15.271,0.064793
15.272,0.0647932
15.274,0.0647934
15.274,0.0647938
15.275,0.0647945
15.282,0.0647954
15.283,0.0647957
15.284,0.0647951
15.285,0.0647946
15.286,0.064794
15.287,0.0647934
15.29,0.0647928
15.291,0.0647923
15.299,0.0647918
15.3,0.0647913
15.301,0.0647909
15.302,0.0647905
15.303,0.0647901
15.304,0.0647898
15.305,0.0647895
15.306,0.0647893
15.315,0.0647891
15.316,0.0647889
15.318,0.0647888
15.322,0.0647887
15.324,0.0647886
15.325,0.0647885
15.326,0.0647883
15.327,0.0647882
15.333,0.0647881
15.336,0.064788
15.344,0.0647879
15.347,0.0647878
15.351,0.0647876
15.354,0.0647875
15.357,0.0647873
15.36,0.0647872
15.366,0.0647871
15.368,0.064787
15.37,0.0647869
15.372,0.0647868
15.374,0.0647867
15.375,0.0647866
15.377,0.0647865
15.378,0.0647865
15.38,0.0647864
15.381,0.0647864
15.382,0.0647864
15.384,0.0647864
15.385,0.0647864
15.389,0.0647864
15.39,0.0647865
15.392,0.0647867
15.392,0.0647868
15.394,0.064787
15.395,0.0647872
15.396,0.0647874
15.397,0.0647876
15.398,0.0647878
15.406,0.0647881
15.408,0.0647883
15.409,0.0647885
15.41,0.0647887
15.413,0.0647889
15.414,0.0647891
15.415,0.0647893
15.416,0.0647894
15.417,0.0647894
15.418,0.0647894
15.424,0.0647894
15.426,0.0647893
15.427,0.0647893
15.428,0.0647891
15.429,0.064789
15.43,0.0647887
15.431,0.0647885
15.435,0.0647882
15.441,0.0647879
15.442,0.0647876
15.443,0.0647873
15.444,0.064787
15.445,0.0647867
15.446,0.0647863
15.447,0.064786
15.447,0.0647857
15.458,0.0647853
15.459,0.064785
15.46,0.0647847
15.461,0.0647844
15.464,0.0647841
15.465,0.0647838
15.466,0.0647836
15.467,0.0647834
15.475,0.0647832
15.476,0.064783
15.477,0.0647828
15.479,0.0647826
15.48,0.0647825
15.481,0.0647823
15.482,0.0647822
15.483,0.064782
15.492,0.0647819
15.495,0.0647818
15.496,0.0647816
15.496,0.0647814
15.498,0.0647812
15.498,0.0647809
15.499,0.064781
15.5,0.0647813
15.508,0.0647818
15.51,0.0647826
15.511,0.0647836
15.512,0.0647847
15.513,0.0647857
15.514,0.0647868
15.517,0.0647878
15.518,0.0647888
15.525,0.0647898
15.527,0.0647906
15.528,0.0647914
15.529,0.0647922
15.53,0.0647929
15.531,0.0647935
15.532,0.064794
15.533,0.0647945
15.542,0.064795
15.543,0.0647953
15.546,0.0647957
15.549,0.0647959
15.55,0.0647962
15.551,0.0647964
15.552,0.0647966
15.553,0.0647968
15.559,0.064797
15.56,0.0647971
15.562,0.0647973
15.563,0.0647974
15.564,0.0647975
15.565,0.0647976
15.566,0.0647976
15.567,0.0647977
15.576,0.0647977
15.577,0.0647977
15.578,0.0647976
15.579,0.0647976
15.58,0.0647976
15.581,0.0647976
15.582,0.0647975
15.583,0.0647975
15.593,0.0647974
15.594,0.0647973
15.595,0.0647973
15.596,0.0647973
15.597,0.0647972
15.601,0.0647971
15.602,0.0647971
15.603,0.064797
15.609,0.0647969
15.61,0.0647968
15.611,0.0647967
15.612,0.0647966
15.613,0.0647965
15.615,0.0647964
15.616,0.0647963
15.616,0.0647963
15.626,0.0647962
15.627,0.0647961
15.63,0.0647961
15.631,0.064796
15.633,0.064796
15.634,0.064796
15.635,0.064796
15.636,0.064796
15.643,0.0647961
15.644,0.0647961
15.645,0.0647962
15.645,0.0647963
15.646,0.0647963
15.647,0.0647964
15.648,0.0647965
15.651,0.0647966
15.659,0.0647966
15.661,0.0647967
15.662,0.0647966
15.662,0.0647966
15.664,0.0647966
15.664,0.0647965
15.665,0.0647964
15.666,0.0647963
15.676,0.0647961
15.677,0.0647959
15.678,0.0647957
15.679,0.0647955
15.682,0.0647953
15.683,0.0647951
15.684,0.0647949
15.685,0.0647946
15.693,0.0647943
15.694,0.064794
15.695,0.0647937
15.696,0.0647934
15.697,0.0647931
15.698,0.0647927
15.699,0.0647924
15.699,0.0647921
15.71,0.0647917
15.712,0.0647914
15.713,0.0647912
15.714,0.064791
15.716,0.064791
15.717,0.0647911
15.718,0.0647916
15.719,0.0647923
15.726,0.0647933
15.727,0.0647937
15.728,0.0647933
15.729,0.0647928
15.731,0.0647924
15.732,0.0647918
15.735,0.0647913
15.737,0.0647908
15.743,0.0647904
15.744,0.0647899
15.746,0.0647895
15.748,0.0647892
15.749,0.0647889
15.75,0.0647886
15.751,0.0647883
15.752,0.0647881
15.76,0.064788
15.761,0.0647878
15.762,0.0647877
15.765,0.0647876
15.766,0.0647875
15.767,0.0647874
15.768,0.0647874
15.769,0.0647873
15.777,0.0647872
15.778,0.0647871
15.779,0.064787
15.78,0.0647869
15.781,0.0647868
15.782,0.0647867
15.783,0.0647866
15.784,0.0647865
15.793,0.0647864
15.794,0.0647863
15.796,0.0647862
15.797,0.0647862
15.798,0.0647861
15.799,0.0647861
15.8,0.064786
15.802,0.064786
15.81,0.064786
15.812,0.064786
15.813,0.064786
15.813,0.064786
15.814,0.0647861
15.817,0.0647862
15.818,0.0647863
15.819,0.0647865
15.827,0.0647867
15.828,0.0647869
15.829,0.0647872
15.83,0.0647875
15.832,0.0647878
15.833,0.0647881
15.834,0.0647885
15.835,0.0647888
15.844,0.0647892
15.845,0.0647895
15.848,0.0647899
15.849,0.0647901
15.85,0.0647904
15.851,0.0647906
15.853,0.0647907
15.854,0.0647908
15.861,0.0647909
15.862,0.0647909
15.863,0.0647908
15.864,0.0647907
15.865,0.0647906
15.867,0.0647904
15.868,0.0647902
15.871,0.06479
15.877,0.0647898
15.879,0.0647895
15.88,0.0647893
15.88,0.064789
15.881,0.0647887
15.882,0.0647885
15.883,0.0647882
15.885,0.064788
15.894,0.0647877
15.895,0.0647875
15.896,0.0647872
15.897,0.064787
15.9,0.0647867
15.901,0.0647865
15.902,0.0647863
15.903,0.0647862
15.911,0.064786
15.912,0.0647859
15.914,0.0647858
15.915,0.0647857
15.916,0.0647857
15.916,0.0647857
15.917,0.0647857
15.918,0.0647857
15.928,0.0647858
15.93,0.0647858
15.931,0.0647859
15.932,0.0647859
15.933,0.0647859
15.934,0.064786
15.934,0.064786
15.935,0.0647865
15.944,0.0647872
15.945,0.0647882
15.947,0.0647894
15.948,0.0647908
15.949,0.0647925
15.95,0.0647943
15.953,0.0647963
15.954,0.0647982
15.961,0.0648001
15.962,0.064802
15.963,0.064804
15.965,0.0648059
15.966,0.0648078
15.967,0.0648096
15.968,0.0648113
15.969,0.064813
15.978,0.0648145
15.979,0.0648158
15.98,0.064817
15.984,0.0648179
15.984,0.0648184
15.986,0.0648196
15.987,0.0648218
15.988,0.0648237
15.995,0.0648252
15.996,0.0648265
15.996,0.0648274

